52	585	1
52	712	1
52	1060	1
52	1131	1
52	1316	1
52	1562	1
52	1945	1
52	1961	1
52	1963	1
52	1965	1
52	2189	2
52	2403	1
52	2708	1
52	3100	1
52	3411	1
52	3531	1
52	3646	2
52	3906	1
52	3933	1
52	4067	1
52	4070	1
52	4290	1
52	4712	1
52	4723	1
52	4876	1
52	4938	1
62	110	1
62	636	1
62	731	1
62	841	1
62	1131	1
62	1164	1
62	1223	1
62	1358	1
62	1889	1
62	2035	1
62	2484	1
62	2512	1
62	2680	1
62	2708	1
62	3066	1
62	3703	1
62	3705	1
62	3846	1
62	3925	1
62	4188	1
62	4208	1
62	4243	1
62	4629	2
62	4667	1
62	4982	1
72	354	1
72	498	2
72	1131	1
72	1186	1
72	1620	1
72	1701	1
72	1705	4
72	2064	2
72	2215	1
72	2573	5
72	2695	3
72	2696	6
72	2698	3
72	3066	3
72	3116	2
72	3296	3
72	3426	2
72	3573	1
72	3705	1
72	3952	4
72	4235	6
72	4239	2
72	4574	1
72	4848	4
72	4849	2
72	4858	1
72	5107	3
110	194	1
110	228	1
110	578	1
110	585	1
110	642	1
110	653	1
110	841	1
110	1131	1
110	1257	1
110	1310	1
110	1358	1
110	1365	1
110	1543	1
110	1562	1
110	1571	1
110	1681	1
110	1797	1
110	1963	1
110	1965	1
110	2109	1
110	2117	1
110	2297	1
110	2403	1
110	2434	1
110	2478	1
110	2809	1
110	3355	1
110	3470	1
110	3484	3
110	3633	1
110	3941	1
110	4197	3
110	4235	4
110	4243	1
110	4629	1
110	4642	2
110	4712	1
110	4779	1
110	4923	1
128	181	1
128	391	1
128	459	1
128	585	1
128	1026	1
128	1186	1
128	1766	1
128	1971	1
128	2109	1
128	2291	1
128	2783	2
128	3545	2
128	3633	1
128	3768	1
128	3970	1
128	4186	2
128	4293	1
128	4308	2
128	4451	1
128	4573	1
128	4574	2
128	4617	1
128	4667	1
128	4711	1
128	4813	2
149	250	1
149	254	2
149	636	1
149	969	1
149	1194	1
149	1518	1
149	1766	1
149	2400	1
149	2403	1
149	2680	1
149	3066	1
149	3294	1
149	3377	3
149	3700	1
149	3737	1
149	3744	1
149	4188	1
149	4206	1
149	4451	1
149	4667	2
149	4678	1
149	4779	1
149	4901	1
150	254	1
150	385	1
150	1571	1
150	1766	1
150	1915	1
150	2538	1
150	2680	1
150	2875	1
150	3116	1
150	3703	1
150	3768	1
150	4054	1
150	4534	1
150	4980	1
181	1060	1
181	1516	1
181	1915	1
181	1961	1
181	2109	2
181	2113	1
181	2346	1
181	2708	1
181	2783	1
181	3294	1
181	4186	1
181	4647	1
181	4667	1
194	385	1
194	543	1
194	642	1
194	952	1
194	1131	1
194	1576	1
194	2189	1
194	2398	1
194	2405	1
194	2809	1
194	3066	1
194	3484	2
194	3915	1
194	4235	1
194	4629	1
194	4678	1
228	578	2
228	731	1
228	1223	1
228	1310	1
228	1518	1
228	1562	1
228	1571	1
228	1681	1
228	1915	1
228	1961	2
228	2212	1
228	2512	1
228	4020	1
228	4056	1
228	4186	1
228	4235	1
228	4667	1
228	4712	1
228	4751	1
228	4880	2
234	250	1
234	391	1
234	422	1
234	432	1
234	715	1
234	1797	1
234	2109	1
234	2430	1
234	2434	2
234	2708	1
234	3066	1
234	3705	1
234	4106	1
234	4667	2
234	4711	1
234	4760	1
250	254	3
250	432	1
250	459	1
250	543	1
250	693	1
250	712	1
250	841	1
250	883	1
250	1026	2
250	1069	1
250	1085	2
250	1194	1
250	1207	1
250	1223	2
250	1540	1
250	1543	1
250	1552	1
250	1651	1
250	1766	2
250	1889	1
250	1915	1
250	1971	2
250	2109	3
250	2117	1
250	2123	1
250	2168	1
250	2346	1
250	2434	1
250	2680	8
250	2708	3
250	2875	2
250	2889	2
250	2964	1
250	3377	1
250	3484	2
250	3522	1
250	3545	1
250	3546	2
250	3547	2
250	3667	1
250	3703	1
250	3705	2
250	3744	1
250	3768	1
250	3906	1
250	3910	1
250	4054	1
250	4076	3
250	4186	2
250	4187	1
250	4188	1
250	4235	2
250	4451	3
250	4534	1
250	4647	1
250	4667	2
250	4980	3
250	4982	1
250	5007	1
254	385	1
254	391	1
254	636	1
254	693	1
254	883	1
254	1085	1
254	1194	1
254	1552	1
254	1766	1
254	1915	1
254	1965	1
254	1971	1
254	2168	1
254	2430	1
254	2434	1
254	2484	1
254	2680	2
254	2788	1
254	2875	2
254	3377	1
254	3700	1
254	4020	1
254	4054	2
254	4186	1
254	4188	2
254	4451	1
254	4534	1
254	4667	1
254	4678	1
254	4760	1
254	4880	1
261	585	2
261	1223	1
261	1516	1
261	1543	1
261	1576	1
261	1963	1
261	2083	1
261	2113	1
261	2189	1
261	2219	1
261	2416	1
261	2969	1
261	3012	1
261	3484	1
261	4025	1
261	4056	1
273	487	1
273	955	1
273	1194	1
273	1889	1
273	2795	1
273	3700	1
273	3906	1
273	3933	3
273	3941	1
273	4091	1
273	4186	1
273	4629	1
273	4980	1
306	459	3
306	1085	1
306	1348	2
306	2215	1
306	2432	1
306	2512	1
306	2964	1
306	3952	1
306	4293	2
306	4667	1
316	1131	1
316	1757	1
316	3066	1
316	4885	1
316	4938	1
316	4969	1
349	431	1
349	636	1
349	742	1
349	968	1
349	1069	1
349	1562	1
349	1959	1
349	1961	1
349	1965	2
349	2346	1
349	2844	1
349	3484	2
349	3531	1
349	3802	1
349	4015	1
349	4016	1
349	4054	1
349	4106	1
349	4186	1
349	4235	2
349	4290	1
349	4678	1
349	4711	1
349	4712	1
349	4876	1
349	4980	1
354	1701	1
354	2209	2
354	3377	1
354	3952	1
354	4054	1
354	4235	1
354	4293	1
354	4907	1
366	1194	1
366	1221	1
366	1365	1
366	1586	1
366	1670	1
366	2163	1
366	2291	1
366	2300	1
366	4025	1
385	543	1
385	603	2
385	742	1
385	1131	2
385	1915	1
385	2189	1
385	2512	1
385	2680	1
385	2809	1
385	2875	1
385	3066	1
385	3705	1
385	3846	3
385	4053	1
385	4054	1
385	4534	1
385	4678	1
385	5007	1
391	432	1
391	459	1
391	636	1
391	693	1
391	969	1
391	1026	1
391	1085	1
391	1186	2
391	1797	1
391	1965	1
391	1971	1
391	2189	1
391	2430	1
391	2434	1
391	2484	1
391	2680	1
391	3066	2
391	3700	1
391	4106	1
391	4186	1
391	4293	1
391	4451	1
391	4667	2
391	4678	1
391	4760	1
391	4813	1
401	422	2
401	487	1
401	948	1
401	1052	1
401	1221	1
401	1620	2
401	1797	1
401	2213	1
401	2235	1
401	2252	2
401	2496	4
401	2788	1
401	2856	2
401	3004	1
401	3076	1
401	3255	1
401	3700	1
401	3737	1
401	3749	1
401	4025	1
401	4026	1
401	4067	1
401	4176	1
401	4188	2
401	4395	1
401	4401	1
401	4559	1
401	4667	2
401	4787	1
401	5051	1
422	715	1
422	2213	1
422	2215	1
422	2496	1
422	2856	1
422	3004	1
422	4025	1
422	4188	1
422	4787	1
431	432	1
431	742	1
431	1131	2
431	1186	2
431	1373	1
431	1965	1
431	2708	1
431	2809	1
431	3906	2
431	4202	1
431	4235	1
431	4647	1
431	4803	1
432	459	1
432	969	3
432	1186	1
432	2109	2
432	2163	1
432	2189	1
432	2430	1
432	2434	2
432	2484	1
432	2680	1
432	2708	2
432	2964	2
432	3066	1
432	3700	1
432	3705	1
432	4186	1
432	4197	1
432	4235	2
432	4293	1
432	4534	1
432	4667	1
432	4711	1
432	4760	1
459	585	1
459	636	1
459	969	1
459	1026	1
459	1186	1
459	1348	1
459	1766	2
459	1971	2
459	2215	1
459	2430	1
459	2431	2
459	2432	1
459	2434	1
459	2484	1
459	2512	1
459	2964	1
459	3478	1
459	3952	1
459	4235	1
459	4293	6
459	4451	1
459	4607	1
459	4611	1
459	4667	2
459	4813	1
459	4834	2
459	4885	1
464	543	1
464	1221	1
464	2035	2
464	2215	1
464	4091	1
464	4827	1
487	1194	1
487	1670	1
487	1889	1
487	2252	1
487	2496	1
487	2795	1
487	3255	1
487	3700	1
487	3906	1
487	4559	1
498	1186	1
498	1701	1
498	2573	1
498	2696	1
498	3426	1
498	4235	3
498	4239	1
498	4848	1
498	4858	1
498	5107	1
543	742	1
543	841	1
543	1052	1
543	2215	1
543	2512	2
543	3276	1
543	3426	1
543	3906	1
543	3970	3
543	4091	1
543	4188	1
543	4827	1
543	4980	1
543	5007	1
578	731	1
578	1310	1
578	1518	1
578	1562	1
578	1571	3
578	1681	2
578	1915	1
578	1961	1
578	1963	1
578	2212	1
578	2512	1
578	2875	1
578	3545	1
578	3633	1
578	4235	1
578	4617	1
578	4642	1
578	4712	1
578	4751	1
578	4880	1
578	4923	1
578	5048	1
585	636	1
585	653	1
585	952	1
585	955	1
585	1060	2
585	1075	2
585	1131	1
585	1194	1
585	1221	1
585	1223	1
585	1253	1
585	1310	1
585	1316	1
585	1359	2
585	1365	2
585	1539	2
585	1543	1
585	1576	1
585	1681	1
585	1766	3
585	1797	1
585	1889	3
585	1915	2
585	1945	1
585	1961	1
585	1963	4
585	1971	1
585	2109	4
585	2113	3
585	2189	3
585	2212	1
585	2219	3
585	2291	2
585	2297	1
585	2298	1
585	2346	2
585	2384	1
585	2398	2
585	2431	1
585	2434	1
585	2438	1
585	2538	2
585	2573	1
585	2609	1
585	2809	1
585	2846	1
585	2901	1
585	2969	1
585	2980	1
585	3012	1
585	3066	1
585	3229	1
585	3299	1
585	3300	2
585	3302	3
585	3470	3
585	3478	2
585	3484	5
585	3486	2
585	3531	1
585	3545	5
585	3720	2
585	3728	3
585	3744	1
585	3749	2
585	3802	1
585	3906	3
585	3915	1
585	3933	1
585	3941	1
585	4056	1
585	4076	1
585	4186	1
585	4188	1
585	4293	1
585	4308	2
585	4395	1
585	4629	1
585	4646	1
585	4647	1
585	4667	3
585	4678	2
585	4711	1
585	4712	3
585	4751	1
585	4779	1
585	4876	1
585	4900	1
585	4901	2
585	4938	4
585	4941	1
585	4980	1
585	5001	1
585	5048	1
603	1131	1
603	1971	1
603	2680	1
603	3846	2
603	4053	2
603	4076	1
603	4642	1
636	642	1
636	653	1
636	693	1
636	731	1
636	955	2
636	968	1
636	1069	1
636	1085	1
636	1131	2
636	1310	1
636	1358	1
636	1359	1
636	1766	1
636	1889	1
636	1961	3
636	1963	2
636	1965	1
636	2113	1
636	2123	1
636	2212	1
636	2297	2
636	2300	1
636	2430	1
636	2431	1
636	2434	1
636	2484	1
636	2512	1
636	2846	1
636	3728	1
636	3808	1
636	3846	1
636	3906	1
636	3915	1
636	4015	2
636	4016	1
636	4186	1
636	4208	1
636	4235	3
636	4293	1
636	4667	1
636	4678	1
636	4760	1
636	4779	1
636	4880	1
636	4901	1
636	4980	1
642	729	1
642	955	1
642	1358	1
642	1576	1
642	1681	1
642	1965	1
642	2117	1
642	2398	1
642	3355	1
642	3633	1
642	3941	1
642	4015	1
642	4016	2
642	4056	1
642	4197	1
642	4235	1
642	4642	1
647	1221	1
647	2168	2
647	2235	1
647	2494	1
647	2886	1
647	3066	3
647	4026	1
647	4176	2
647	4188	1
647	4401	1
647	4574	1
653	715	1
653	729	1
653	1164	1
653	1365	1
653	1372	1
653	2109	1
653	2297	2
653	2809	1
653	2901	1
653	3470	1
653	3522	1
653	3545	1
653	3646	1
653	3744	1
653	3749	1
653	3925	1
653	3933	2
653	4025	1
653	4235	2
653	4751	1
653	4901	2
653	4923	2
678	948	1
678	969	1
678	1131	1
678	1766	1
678	2346	2
678	2708	1
678	2783	1
678	2856	1
678	3008	1
678	3545	2
678	4030	1
678	4308	1
678	4559	1
678	4573	3
678	4611	1
678	4647	2
678	5048	1
693	712	1
693	1085	1
693	1194	1
693	1341	1
693	1365	1
693	1562	1
693	1766	1
693	1961	1
693	1965	1
693	1971	2
693	2083	1
693	2168	1
693	2235	1
693	2430	2
693	2434	2
693	2484	1
693	2680	1
693	2964	1
693	3076	1
693	3478	1
693	3484	1
693	3545	1
693	4030	1
693	4119	1
693	4186	1
693	4197	1
693	4208	1
693	4235	2
693	4377	1
693	4534	1
693	4667	1
693	4678	1
693	4740	1
693	4760	1
693	4803	1
693	4907	1
693	4980	1
712	952	1
712	1001	1
712	1052	2
712	1060	1
712	1131	1
712	1194	1
712	1395	1
712	1651	1
712	1766	1
712	1965	1
712	1971	1
712	2123	1
712	2330	1
712	2403	1
712	2655	1
712	2680	2
712	2844	1
712	3012	1
712	3484	1
712	3546	5
712	3667	3
712	3725	1
712	3768	2
712	3915	1
712	4016	1
712	4188	2
712	4197	2
712	4235	3
712	4534	1
712	4617	1
712	4667	4
712	4712	1
712	4740	1
715	731	1
715	1571	1
715	1961	1
715	2346	1
715	3484	1
715	4025	1
729	3933	1
729	4015	1
729	4016	1
729	4056	1
729	4629	1
729	4751	1
729	4923	1
731	1075	1
731	1131	1
731	1562	1
731	1576	1
731	1766	1
731	1945	1
731	1961	2
731	2212	1
731	2346	1
731	2512	1
731	3846	1
731	4208	1
731	4712	1
731	4880	2
731	4980	1
742	1131	1
742	1164	1
742	2512	1
742	3008	1
742	3772	1
742	3808	1
742	3834	1
742	3906	1
742	4016	1
742	4053	1
742	4056	1
742	4088	1
742	4186	1
742	4188	1
742	4646	1
742	5007	1
841	1358	1
841	1889	1
841	3411	1
841	4235	1
841	4629	1
841	4907	1
841	4980	1
883	1026	1
883	2788	1
883	4054	1
883	4186	1
883	4941	1
883	4980	1
948	2783	1
948	3004	1
948	3076	1
948	3255	1
948	4099	1
948	4308	1
948	4573	1
948	4647	1
948	4779	1
948	5048	1
952	1373	1
952	1766	1
952	1971	1
952	2297	1
952	3484	2
952	3486	1
952	3522	1
952	3906	1
952	4076	1
952	4574	1
952	4629	1
955	1257	1
955	1358	3
955	1359	3
955	1797	1
955	1915	2
955	1961	1
955	1963	1
955	2109	1
955	2123	1
955	2189	1
955	2213	1
955	2299	1
955	2326	1
955	2969	1
955	3411	1
955	3470	1
955	3808	1
955	3933	1
955	4015	1
955	4091	2
955	4629	1
955	4678	1
955	4923	1
955	4980	1
955	5004	1
955	5129	1
961	1316	1
961	1372	1
961	1373	1
961	1915	1
961	2189	1
961	2219	1
961	2609	2
961	2708	1
961	2980	1
961	3358	1
961	3915	1
961	4076	1
961	4308	1
961	4573	1
961	4647	1
961	4751	1
961	4923	1
961	5048	1
968	1069	1
968	1370	1
968	1961	1
968	1971	1
968	2980	1
968	3906	2
968	4015	1
968	4016	1
968	4070	1
968	4711	1
968	4712	1
968	4876	1
968	4923	1
969	1186	1
969	1971	1
969	2109	1
969	2163	1
969	2189	1
969	2299	1
969	2430	1
969	2434	1
969	2484	1
969	2680	1
969	2902	1
969	2964	1
969	3066	1
969	3377	1
969	3545	1
969	3700	1
969	3728	2
969	3737	1
969	4056	1
969	4186	1
969	4235	1
969	4395	2
969	4559	1
969	4573	1
969	4667	1
969	4711	1
969	4751	1
969	4760	1
969	4901	2
969	5129	1
977	1131	1
977	1194	1
977	1915	1
977	1971	1
977	2189	1
977	2309	1
977	2783	1
977	2902	1
977	3066	1
977	3255	1
977	3545	1
977	3728	1
977	3737	1
977	3749	1
977	3768	1
977	3906	1
977	4119	1
977	4186	1
977	4188	1
977	4308	1
977	4647	1
977	4899	1
1001	1373	1
1001	1651	1
1001	2083	1
1001	3116	1
1001	4188	1
1001	4197	1
1001	4667	1
1026	1069	1
1026	1186	1
1026	1543	1
1026	1651	1
1026	1766	1
1026	1971	1
1026	2117	1
1026	2168	1
1026	2680	1
1026	3428	1
1026	3484	1
1026	4186	1
1026	4187	1
1026	4188	1
1026	4293	1
1026	4451	2
1026	4667	2
1026	4813	1
1026	5007	1
1052	1060	1
1052	4016	1
1052	4235	1
1060	1075	1
1060	1516	1
1060	1562	1
1060	1961	1
1060	1963	2
1060	2219	1
1060	2346	1
1060	3294	1
1060	3906	1
1060	4070	1
1060	4647	1
1069	1186	1
1069	1358	1
1069	1370	1
1069	1516	2
1069	1540	1
1069	1543	1
1069	1651	2
1069	1743	2
1069	1766	1
1069	1961	1
1069	1963	1
1069	1965	1
1069	1971	2
1069	2117	1
1069	2168	2
1069	2291	2
1069	2326	1
1069	2346	1
1069	2680	1
1069	2708	1
1069	2783	2
1069	3066	2
1069	3484	1
1069	3545	1
1069	3547	1
1069	3768	2
1069	3808	1
1069	4015	1
1069	4016	1
1069	4056	1
1069	4186	1
1069	4187	1
1069	4188	1
1069	4202	1
1069	4308	1
1069	4451	1
1069	4617	1
1069	4667	1
1069	4678	1
1069	4751	1
1069	4813	1
1069	4907	1
1069	4946	1
1069	4972	1
1069	5007	1
1075	1562	1
1075	1576	1
1075	1766	1
1075	1963	1
1075	2113	1
1075	2189	1
1075	2346	2
1075	3545	1
1075	3906	1
1075	4186	1
1075	4187	1
1075	4751	1
1075	4880	1
1085	1348	1
1085	1915	1
1085	1965	1
1085	2168	1
1085	2430	1
1085	2434	1
1085	2484	1
1085	2680	4
1085	2809	1
1085	3076	1
1085	3377	1
1085	3700	1
1085	3744	1
1085	3768	1
1085	4076	1
1085	4186	1
1085	4678	1
1085	4760	1
1085	4827	1
1085	4843	1
1085	4980	1
1131	1186	1
1131	1365	1
1131	1516	4
1131	1539	1
1131	1586	1
1131	1727	1
1131	1757	1
1131	1766	2
1131	1889	1
1131	1915	1
1131	1963	1
1131	1965	5
1131	2044	1
1131	2109	1
1131	2123	2
1131	2189	1
1131	2215	1
1131	2219	1
1131	2291	1
1131	2300	1
1131	2309	2
1131	2330	2
1131	2346	4
1131	2403	1
1131	2405	1
1131	2478	3
1131	2680	2
1131	2695	1
1131	2696	1
1131	2708	1
1131	2809	1
1131	2846	3
1131	2889	1
1131	2969	1
1131	3066	3
1131	3296	1
1131	3355	1
1131	3358	1
1131	3377	3
1131	3470	1
1131	3484	5
1131	3531	1
1131	3545	4
1131	3705	2
1131	3725	1
1131	3749	1
1131	3752	1
1131	3768	1
1131	3802	1
1131	3808	2
1131	3846	2
1131	3906	2
1131	3910	1
1131	3915	1
1131	3919	1
1131	3925	1
1131	3933	1
1131	3941	1
1131	3952	1
1131	4030	2
1131	4053	1
1131	4056	1
1131	4076	2
1131	4088	1
1131	4091	1
1131	4106	1
1131	4119	1
1131	4197	1
1131	4202	1
1131	4208	1
1131	4235	3
1131	4293	1
1131	4377	1
1131	4451	1
1131	4574	1
1131	4611	2
1131	4647	3
1131	4667	2
1131	4678	3
1131	4712	1
1131	4938	10
1131	4946	1
1131	4969	1
1131	4972	1
1131	4980	3
1131	4982	1
1131	5004	1
1131	5007	2
1164	1395	1
1164	1889	1
1164	2035	1
1164	3008	1
1164	3772	1
1164	3834	1
1164	3906	1
1164	3925	1
1164	3933	1
1164	4016	1
1164	4025	1
1164	4053	1
1164	4088	1
1164	4206	1
1164	4923	1
1164	4938	1
1186	1373	1
1186	1540	1
1186	1620	1
1186	1701	1
1186	1757	1
1186	1965	1
1186	1971	1
1186	2044	1
1186	2189	1
1186	2405	1
1186	2573	1
1186	2680	1
1186	2809	1
1186	2969	1
1186	3066	1
1186	3355	1
1186	3545	1
1186	3700	1
1186	3906	1
1186	4076	1
1186	4186	1
1186	4202	1
1186	4235	2
1186	4293	1
1186	4377	1
1186	4451	2
1186	4647	1
1186	4667	1
1186	4723	1
1186	4779	1
1186	4803	1
1186	4813	1
1186	4848	1
1186	4858	1
1186	4938	1
1186	5107	1
1194	1223	1
1194	1253	1
1194	1766	1
1194	1889	2
1194	1971	1
1194	2291	1
1194	2680	1
1194	2795	1
1194	3377	1
1194	3700	2
1194	3744	1
1194	3906	1
1194	3933	1
1194	4025	1
1194	4186	1
1194	4235	1
1194	4395	1
1194	4534	1
1194	4667	1
1194	4740	1
1207	1358	1
1207	2889	1
1207	3562	1
1207	3910	1
1207	4054	1
1207	4186	1
1221	1620	1
1221	1961	1
1221	2035	1
1221	2113	1
1221	2219	1
1221	2291	1
1221	2346	1
1221	2384	1
1221	3066	1
1221	3229	1
1221	4188	2
1221	4712	1
1223	1961	1
1223	1963	1
1223	2113	1
1223	2346	1
1223	2680	2
1223	2875	1
1223	3012	1
1223	3562	1
1223	3925	1
1223	4054	1
1223	4056	1
1223	4243	1
1223	4451	1
1223	4629	1
1223	4667	1
1223	4712	1
1223	4982	1
1253	1727	1
1253	1889	1
1253	3545	1
1253	3720	1
1253	3744	1
1253	4751	1
1253	4876	1
1257	1888	1
1257	2109	1
1257	2298	1
1257	2299	3
1257	2434	1
1257	3100	1
1257	4099	1
1257	4186	1
1257	4858	2
1310	1359	3
1310	1373	1
1310	1571	1
1310	1681	1
1310	1766	1
1310	1889	1
1310	1961	3
1310	1963	1
1310	2113	1
1310	2212	1
1310	2875	1
1310	3545	1
1310	4020	1
1310	4054	1
1310	4235	1
1310	4711	1
1310	4923	1
1310	5048	1
1316	1365	1
1316	1562	1
1316	2189	2
1316	2573	1
1316	2980	1
1316	3411	1
1316	3531	1
1316	3646	1
1316	3933	1
1316	4025	1
1316	4067	2
1316	4308	1
1316	4534	1
1316	4751	1
1316	4923	1
1341	1766	2
1341	2083	1
1341	3076	1
1341	3545	2
1341	4030	1
1341	4119	2
1341	4377	1
1341	4667	1
1341	4980	1
1348	1395	1
1348	2212	1
1348	2215	1
1348	2512	1
1348	3545	1
1348	3667	1
1348	3952	1
1348	4293	2
1348	4528	1
1348	4723	1
1348	4740	1
1358	1359	1
1358	1915	1
1358	1963	1
1358	2189	1
1358	2346	1
1358	2969	1
1358	3066	1
1358	3808	1
1358	4056	1
1358	4091	1
1358	4186	1
1358	4629	2
1358	4923	1
1358	4972	1
1359	1373	1
1359	1766	1
1359	1797	1
1359	1915	1
1359	1959	1
1359	1961	2
1359	1963	2
1359	2113	1
1359	2212	1
1359	2213	1
1359	2309	1
1359	2969	1
1359	3411	1
1359	3470	1
1359	3808	1
1359	4020	1
1359	4054	1
1359	4091	1
1359	4629	1
1359	4711	1
1359	4923	2
1359	5004	1
1365	1961	1
1365	1965	1
1365	2297	2
1365	2346	2
1365	2573	1
1365	2809	1
1365	2902	1
1365	2969	1
1365	3012	1
1365	3076	1
1365	3276	1
1365	3302	1
1365	3470	1
1365	3484	2
1365	3545	1
1365	3728	1
1365	3909	1
1365	4076	1
1365	4197	1
1365	4803	1
1365	4843	1
1365	4901	2
1365	4921	1
1365	4980	1
1365	4982	1
1365	5007	1
1370	1373	1
1370	2113	1
1370	2168	1
1370	2326	1
1370	2980	1
1370	3744	1
1370	3768	1
1370	4070	1
1370	4076	1
1370	4235	2
1370	4617	1
1370	4711	1
1370	4712	1
1370	4876	1
1370	4923	1
1372	2213	1
1372	2252	1
1372	2400	1
1372	2708	1
1372	3066	1
1372	3276	1
1372	3358	1
1372	3545	1
1372	3562	1
1372	3834	1
1372	3909	1
1372	4076	1
1372	4235	2
1372	4559	1
1373	1915	1
1373	2083	2
1373	2113	1
1373	2219	1
1373	2609	1
1373	3116	1
1373	3229	1
1373	4647	1
1373	4803	1
1395	2680	1
1395	3546	1
1395	3667	1
1395	4025	1
1395	4534	1
1395	4723	1
1414	1516	1
1414	1711	1
1414	2416	1
1414	3428	2
1516	1540	1
1516	1743	1
1516	1888	1
1516	1915	1
1516	1961	1
1516	1963	1
1516	2109	1
1516	2189	1
1516	2219	1
1516	2291	2
1516	2346	2
1516	2416	1
1516	2478	2
1516	2708	1
1516	3294	1
1516	3428	1
1516	3484	3
1516	3531	1
1516	3565	1
1516	3768	2
1516	3808	2
1516	3834	1
1516	4025	1
1516	4106	1
1516	4186	1
1516	4188	1
1516	4197	1
1516	4647	1
1516	4667	1
1516	4678	2
1516	4712	2
1516	4843	1
1516	4938	4
1518	1571	1
1518	1915	1
1518	2400	1
1518	2403	1
1518	3737	1
1518	3744	1
1518	4206	1
1518	4712	1
1518	4751	1
1518	4901	1
1539	1543	1
1539	1766	1
1539	1965	1
1539	2123	1
1539	2384	2
1539	2538	1
1539	2844	1
1539	3484	4
1539	3906	2
1539	4186	1
1539	4667	2
1539	4711	1
1539	4803	1
1539	4938	3
1539	4969	1
1539	4980	1
1540	1889	1
1540	1965	1
1540	2109	1
1540	2117	1
1540	2219	1
1540	2708	1
1540	2964	1
1540	3355	1
1540	3484	1
1540	3545	1
1540	3547	1
1540	3703	1
1540	3705	1
1540	3906	1
1540	3919	1
1540	4186	1
1540	4197	1
1540	4235	1
1540	4534	1
1540	4642	1
1540	4667	1
1540	4712	1
1540	4843	1
1540	4946	1
1543	1576	1
1543	1651	1
1543	1766	1
1543	2109	1
1543	2117	1
1543	2168	1
1543	2219	1
1543	2403	1
1543	2680	1
1543	2969	1
1543	3484	4
1543	3906	1
1543	4187	1
1543	4451	1
1543	4667	1
1543	5007	1
1552	1915	2
1552	1971	1
1552	2655	1
1552	2878	1
1552	3411	1
1552	3522	1
1552	4186	1
1552	4712	1
1552	4751	1
1552	4843	1
1562	1571	1
1562	1576	1
1562	1766	2
1562	1961	2
1562	1963	3
1562	2346	2
1562	2964	1
1562	3484	1
1562	3633	1
1562	4025	1
1562	4054	2
1562	4070	1
1562	4186	2
1562	4235	2
1562	4290	1
1562	4534	2
1562	4880	1
1562	4923	1
1571	1681	1
1571	1915	1
1571	1945	1
1571	1963	1
1571	2538	1
1571	2875	1
1571	3545	1
1571	3633	1
1571	4235	1
1571	4751	1
1571	4923	1
1571	5048	1
1576	1766	1
1576	1888	2
1576	2219	1
1576	2346	1
1576	2398	1
1576	2969	1
1576	3484	1
1576	3545	2
1576	4186	1
1576	4188	1
1576	4667	1
1576	4880	1
1586	1670	1
1586	1797	1
1586	2123	2
1586	2163	2
1586	2330	1
1586	2405	1
1586	2809	1
1586	2844	2
1586	3355	1
1586	3484	3
1586	3667	1
1586	3910	1
1586	4186	1
1586	4197	1
1586	4235	2
1586	4946	1
1586	5001	1
1620	2064	1
1620	2109	1
1620	2438	1
1620	2695	1
1620	2696	1
1620	3004	1
1620	3066	1
1620	3377	1
1620	3906	1
1620	4076	1
1620	4188	1
1620	4235	2
1620	4239	1
1620	4534	1
1620	4723	1
1620	4779	1
1620	4827	1
1620	5051	1
1646	2189	1
1646	2298	1
1646	2708	1
1646	2848	1
1646	3300	1
1646	3545	1
1646	3667	1
1646	3906	2
1646	4020	1
1646	4208	1
1646	4243	1
1646	4617	1
1646	4946	1
1651	1743	5
1651	1766	1
1651	1965	1
1651	1971	1
1651	2109	1
1651	2117	1
1651	2168	1
1651	2680	1
1651	2783	2
1651	3484	1
1651	4076	1
1651	4186	1
1651	4187	2
1651	4188	3
1651	4197	2
1651	4202	1
1651	4235	1
1651	4451	2
1651	4534	1
1651	4573	1
1651	4667	1
1651	4813	1
1651	5007	2
1670	2163	1
1670	3255	3
1670	3300	1
1681	1889	1
1681	1915	1
1681	1945	1
1681	2346	1
1681	2848	1
1681	2875	2
1681	2878	1
1681	2969	1
1681	2980	1
1681	3484	1
1681	3545	1
1681	3565	1
1681	3633	1
1681	3720	2
1681	4016	1
1681	4020	1
1681	4054	3
1681	4056	2
1681	4121	1
1681	4186	1
1681	4197	1
1681	4235	4
1681	4617	1
1681	4642	1
1681	4880	1
1681	5048	1
1701	1766	1
1701	2189	1
1701	2209	1
1701	2215	1
1701	2252	1
1701	2478	1
1701	2573	1
1701	2695	1
1701	3116	2
1701	3910	1
1701	4054	1
1701	4235	1
1701	4678	1
1701	4848	1
1701	4858	1
1701	5007	1
1701	5107	1
1705	2189	1
1705	2209	2
1705	2215	2
1705	2573	4
1705	2695	3
1705	2696	3
1705	2698	1
1705	3066	3
1705	3116	2
1705	3296	2
1705	3573	1
1705	3952	3
1705	4235	1
1705	4239	1
1705	4574	1
1705	4787	1
1705	4848	1
1705	4849	3
1705	5107	3
1711	2209	1
1711	2844	1
1711	3377	1
1711	3428	1
1727	2034	1
1727	2235	1
1727	3066	1
1727	3076	1
1727	3377	1
1727	3573	1
1727	4030	1
1727	4667	1
1727	5004	1
1743	1766	1
1743	1965	1
1743	1971	1
1743	2109	1
1743	2117	1
1743	2783	2
1743	3768	2
1743	4186	1
1743	4188	4
1743	4202	1
1743	4573	1
1743	4813	1
1757	3066	1
1757	4235	1
1757	4377	1
1757	4451	1
1757	5007	1
1766	1961	1
1766	1963	2
1766	1965	3
1766	1971	1
1766	2083	1
1766	2113	1
1766	2117	2
1766	2168	1
1766	2189	3
1766	2212	1
1766	2219	2
1766	2346	2
1766	2361	1
1766	2384	2
1766	2403	1
1766	2430	1
1766	2431	1
1766	2434	1
1766	2478	1
1766	2484	1
1766	2538	1
1766	2680	2
1766	2708	1
1766	2783	1
1766	2844	2
1766	2856	1
1766	3008	1
1766	3066	2
1766	3076	2
1766	3116	1
1766	3229	1
1766	3377	1
1766	3478	1
1766	3484	1
1766	3545	5
1766	3633	1
1766	3700	1
1766	3752	1
1766	3768	3
1766	3802	1
1766	3906	1
1766	4025	1
1766	4030	1
1766	4054	1
1766	4070	1
1766	4076	2
1766	4119	3
1766	4187	1
1766	4188	1
1766	4235	1
1766	4243	1
1766	4293	2
1766	4308	1
1766	4377	2
1766	4451	1
1766	4574	3
1766	4611	1
1766	4617	1
1766	4647	1
1766	4667	4
1766	4803	1
1766	4813	1
1766	4834	1
1766	4880	1
1766	4885	1
1766	4969	1
1766	4980	2
1766	5007	1
1797	1963	1
1797	2163	1
1797	2405	1
1797	2430	1
1797	2809	1
1797	2844	1
1797	2856	1
1797	3066	2
1797	3229	1
1797	3484	1
1797	4106	1
1797	4119	1
1797	4243	1
1797	4308	1
1797	4642	1
1797	4667	1
1797	4712	1
1797	4760	1
1797	5001	1
1888	1961	1
1888	1963	1
1888	2109	1
1888	2219	1
1888	2298	1
1888	3545	2
1888	3565	1
1888	3768	1
1888	3834	1
1888	4186	2
1888	4858	1
1889	1915	1
1889	1961	1
1889	1963	1
1889	1965	1
1889	2035	1
1889	2109	1
1889	2123	1
1889	2300	1
1889	2398	1
1889	2405	2
1889	2438	1
1889	2609	1
1889	2708	1
1889	2788	1
1889	2795	1
1889	2846	1
1889	2964	1
1889	2969	1
1889	3100	1
1889	3470	1
1889	3484	1
1889	3547	1
1889	3565	1
1889	3700	1
1889	3703	1
1889	3705	1
1889	3720	1
1889	3906	2
1889	3933	1
1889	4054	1
1889	4235	2
1889	4395	1
1889	4534	1
1889	4646	1
1889	4678	1
1889	4751	1
1889	4876	1
1889	4907	1
1889	5048	1
1915	2109	1
1915	2168	1
1915	2189	2
1915	2309	2
1915	2326	1
1915	2609	3
1915	2655	1
1915	2680	1
1915	2708	1
1915	2795	1
1915	2844	1
1915	2875	1
1915	2878	1
1915	2964	1
1915	2969	3
1915	3377	1
1915	3522	1
1915	3531	2
1915	3547	1
1915	3565	1
1915	3744	1
1915	3749	1
1915	3768	1
1915	3802	1
1915	3834	1
1915	3906	1
1915	4054	1
1915	4067	1
1915	4076	1
1915	4091	2
1915	4106	1
1915	4235	1
1915	4290	2
1915	4534	1
1915	4629	2
1915	4646	1
1915	4647	2
1915	4667	3
1915	4678	1
1915	4711	1
1915	4712	3
1915	4751	2
1915	4843	1
1915	4923	1
1915	4938	2
1915	4972	1
1915	5048	1
1945	2189	1
1945	2346	1
1945	2875	1
1945	3484	1
1945	4197	1
1945	4235	1
1945	4712	1
1945	4938	1
1959	1965	1
1959	2309	1
1959	2708	1
1959	3808	1
1959	4054	1
1959	4106	1
1959	4235	1
1959	4711	1
1961	1963	3
1961	1965	1
1961	2109	2
1961	2113	3
1961	2123	1
1961	2212	2
1961	2219	1
1961	2346	2
1961	2384	1
1961	2512	1
1961	3484	1
1961	3486	1
1961	3565	2
1961	3768	1
1961	3808	2
1961	3834	1
1961	3941	1
1961	4015	2
1961	4016	1
1961	4020	1
1961	4054	1
1961	4070	1
1961	4186	1
1961	4667	1
1961	4711	1
1961	4712	1
1961	4880	1
1961	4923	1
1961	4980	2
1963	1971	1
1963	2109	1
1963	2113	2
1963	2212	1
1963	2219	1
1963	2291	1
1963	2300	1
1963	2346	1
1963	2846	1
1963	3012	1
1963	3066	1
1963	3565	1
1963	3633	1
1963	3768	1
1963	3808	1
1963	3834	1
1963	3906	1
1963	4056	2
1963	4070	1
1963	4235	1
1963	4607	1
1963	4923	1
1963	4972	1
1965	1971	1
1965	2083	1
1965	2109	1
1965	2117	1
1965	2123	3
1965	2163	1
1965	2189	2
1965	2219	2
1965	2346	2
1965	2405	1
1965	2430	1
1965	2434	1
1965	2484	1
1965	2783	1
1965	2809	1
1965	2846	2
1965	2889	1
1965	2969	1
1965	3010	1
1965	3066	2
1965	3355	1
1965	3470	2
1965	3484	5
1965	3531	1
1965	3646	1
1965	3768	1
1965	3906	2
1965	3919	1
1965	3941	1
1965	4106	1
1965	4186	2
1965	4187	1
1965	4197	4
1965	4202	2
1965	4235	5
1965	4293	1
1965	4617	1
1965	4629	1
1965	4642	2
1965	4667	5
1965	4678	1
1965	4711	2
1965	4712	1
1965	4723	1
1965	4751	1
1965	4760	1
1965	4813	1
1965	4876	1
1965	4923	1
1965	4938	1
1965	4946	1
1965	4969	1
1965	5007	1
1971	2219	1
1971	2291	1
1971	2403	1
1971	2430	1
1971	2434	1
1971	2484	1
1971	2512	1
1971	2680	1
1971	2708	1
1971	2783	1
1971	2795	1
1971	2964	1
1971	3066	2
1971	3484	1
1971	3486	1
1971	3545	3
1971	3768	1
1971	3772	1
1971	3802	1
1971	3906	1
1971	4056	1
1971	4076	1
1971	4119	1
1971	4186	1
1971	4202	1
1971	4235	2
1971	4243	1
1971	4293	2
1971	4308	1
1971	4451	1
1971	4534	1
1971	4607	3
1971	4667	3
1971	4678	1
1971	4711	1
1971	4712	1
1971	4740	1
1971	4751	1
1971	4760	1
1971	4813	2
1971	4834	1
2034	2235	1
2034	3008	1
2034	3066	1
2034	3076	1
2034	3377	1
2034	3573	1
2034	3700	1
2034	5004	1
2044	2330	1
2044	2969	1
2044	3484	2
2044	4938	2
2044	4941	1
2064	2478	1
2064	2696	2
2064	3066	1
2064	3744	1
2064	3925	1
2064	4235	1
2064	4849	1
2064	4980	1
2083	2219	1
2083	3116	1
2083	3470	1
2083	3484	2
2083	3545	1
2083	4030	1
2083	4119	1
2083	4235	2
2083	4377	1
2083	4980	1
2083	5051	1
2109	2113	1
2109	2163	1
2109	2189	1
2109	2219	2
2109	2299	1
2109	2403	1
2109	2430	1
2109	2434	2
2109	2484	1
2109	2538	1
2109	2609	1
2109	2708	2
2109	2783	1
2109	2856	1
2109	2901	1
2109	2964	2
2109	3066	1
2109	3300	2
2109	3302	1
2109	3484	1
2109	3486	1
2109	3545	2
2109	3547	1
2109	3565	1
2109	3646	1
2109	3703	1
2109	3705	2
2109	3728	1
2109	3749	1
2109	3768	1
2109	3834	1
2109	3941	1
2109	4076	1
2109	4186	1
2109	4235	2
2109	4293	1
2109	4534	1
2109	4573	1
2109	4647	1
2109	4667	3
2109	4711	1
2109	4760	1
2109	4900	1
2109	4901	1
2113	2189	1
2113	2212	1
2113	2346	1
2113	2384	1
2113	3012	1
2113	4056	1
2117	2168	1
2117	2680	1
2117	2886	1
2117	3355	1
2117	3484	1
2117	3768	1
2117	3941	1
2117	4187	1
2117	4188	1
2117	4197	1
2117	4235	1
2117	4451	1
2117	4642	1
2117	5001	1
2117	5007	1
2123	2163	1
2123	2330	1
2123	2405	1
2123	2708	1
2123	2844	2
2123	3008	1
2123	3470	1
2123	3484	5
2123	3802	1
2123	3808	1
2123	4015	1
2123	4076	1
2123	4186	1
2123	4235	2
2123	4308	1
2123	4667	1
2123	4712	1
2123	4938	2
2123	4946	1
2123	4980	1
2163	2405	1
2163	2430	1
2163	2434	1
2163	2484	1
2163	2538	1
2163	2809	1
2163	2844	1
2163	2902	1
2163	2964	1
2163	3299	1
2163	3470	1
2163	3484	2
2163	3744	1
2163	4235	1
2163	4711	1
2163	4760	1
2163	4899	1
2163	5001	1
2168	2235	1
2168	2326	1
2168	2494	1
2168	2680	2
2168	3066	1
2168	3076	1
2168	3484	1
2168	3768	1
2168	4053	1
2168	4176	1
2168	4187	1
2168	4235	1
2168	4451	1
2168	4617	1
2168	4646	1
2168	4667	2
2168	4751	1
2168	4827	1
2168	4980	1
2168	5007	1
2189	2219	1
2189	2252	1
2189	2291	1
2189	2300	1
2189	2346	1
2189	2384	2
2189	2400	1
2189	2403	2
2189	2416	1
2189	2434	1
2189	2438	1
2189	2538	1
2189	2609	2
2189	2680	1
2189	2696	1
2189	2708	2
2189	2809	1
2189	2844	2
2189	2901	1
2189	2980	1
2189	3066	3
2189	3299	1
2189	3411	1
2189	3484	1
2189	3531	1
2189	3545	3
2189	3565	1
2189	3646	1
2189	3700	1
2189	3728	1
2189	3744	1
2189	3906	2
2189	3933	1
2189	4020	1
2189	4025	1
2189	4067	1
2189	4091	1
2189	4099	1
2189	4119	1
2189	4186	1
2189	4206	1
2189	4235	1
2189	4290	1
2189	4308	1
2189	4559	1
2189	4573	1
2189	4629	3
2189	4647	3
2189	4667	2
2189	4678	2
2189	4711	1
2189	4712	2
2189	4751	1
2189	4787	1
2189	4849	1
2189	4901	2
2189	4923	1
2189	4938	1
2189	5007	1
2189	5107	1
2209	2215	1
2209	2573	1
2209	2695	2
2209	3066	1
2209	3116	1
2209	3952	1
2209	4235	1
2209	4243	1
2209	4293	1
2209	4849	1
2209	4907	1
2212	2430	1
2212	2512	2
2212	3772	1
2212	4293	2
2212	4712	1
2212	4880	1
2213	2326	1
2213	2856	1
2213	3411	1
2213	3470	1
2213	4025	1
2213	4088	1
2213	4091	1
2213	4186	1
2213	4188	1
2213	4787	1
2213	5004	1
2215	2252	1
2215	2309	1
2215	2573	2
2215	2695	4
2215	2696	2
2215	3004	1
2215	3066	1
2215	3116	2
2215	3296	2
2215	3377	1
2215	3573	2
2215	3633	1
2215	3952	3
2215	4091	1
2215	4239	1
2215	4293	1
2215	4667	1
2215	4827	1
2215	4849	1
2219	2291	1
2219	2346	1
2219	2416	1
2219	2609	1
2219	2795	1
2219	2889	1
2219	2969	1
2219	3229	1
2219	3484	1
2219	3545	1
2219	3565	1
2219	3768	1
2219	3834	1
2219	3906	2
2219	3919	1
2219	3970	1
2219	4197	2
2219	4293	1
2219	4573	1
2219	4607	1
2219	4642	1
2219	4647	1
2219	4667	2
2219	4712	2
2219	4751	1
2235	2494	2
2235	2496	1
2235	2886	1
2235	3066	2
2235	3076	2
2235	3573	1
2235	3700	1
2235	4026	4
2235	4176	3
2235	4401	3
2235	4574	1
2235	4827	1
2252	2309	1
2252	2496	1
2252	2696	1
2252	4559	1
2252	4678	1
2252	4827	1
2252	4923	1
2252	5007	1
2291	2346	3
2291	2384	1
2291	2478	1
2291	2708	1
2291	3229	1
2291	3545	1
2291	3547	1
2291	3565	1
2291	3808	1
2291	3906	1
2291	4025	1
2291	4188	1
2291	4308	2
2291	4607	1
2291	4629	1
2291	4667	1
2291	4678	1
2291	4712	2
2291	4938	1
2297	2809	1
2297	2844	1
2297	2902	1
2297	3276	1
2297	3470	1
2297	3522	1
2297	3728	1
2297	3915	1
2297	4235	2
2297	4843	1
2297	4901	2
2297	4921	1
2298	2708	1
2298	3300	1
2298	3355	1
2298	3906	1
2298	4099	1
2298	4186	1
2298	4779	1
2298	4858	1
2298	4946	1
2299	2902	1
2299	3100	1
2299	3728	1
2299	4099	1
2299	4395	1
2299	4858	1
2299	4901	1
2299	5129	1
2300	2846	1
2300	4091	1
2309	2696	1
2309	3300	1
2309	3377	1
2309	3749	1
2309	3768	2
2309	3808	1
2309	4712	1
2326	3355	1
2326	3768	1
2326	4088	1
2326	4091	1
2326	4186	1
2326	4617	1
2326	4667	1
2326	4678	1
2330	2680	1
2330	2708	1
2330	3484	2
2330	3546	1
2330	4076	1
2330	4938	1
2346	2478	1
2346	2708	1
2346	2846	1
2346	2856	1
2346	2875	2
2346	3008	1
2346	3066	1
2346	3229	1
2346	3294	1
2346	3484	3
2346	3545	2
2346	3808	2
2346	3906	1
2346	4030	1
2346	4054	2
2346	4056	1
2346	4186	1
2346	4235	2
2346	4290	1
2346	4308	1
2346	4451	1
2346	4611	1
2346	4647	2
2346	4667	1
2346	4678	1
2346	4712	1
2346	4880	1
2346	4885	1
2346	4923	1
2346	4938	1
2346	4972	2
2346	4980	1
2361	2680	1
2361	2708	2
2361	3545	1
2361	3700	1
2361	3752	2
2361	3910	1
2361	4076	1
2361	4574	1
2361	4647	1
2361	4667	1
2384	2538	1
2384	2708	1
2384	2844	2
2384	3377	1
2384	3484	1
2384	3545	1
2384	3565	2
2384	3808	1
2384	4611	1
2384	4711	1
2384	4803	1
2384	4938	1
2384	4969	1
2398	2405	1
2398	2538	1
2398	2902	1
2398	2969	1
2398	3302	2
2398	3470	2
2398	3728	2
2398	3737	2
2398	3744	5
2398	3749	3
2398	3906	1
2398	4186	2
2398	4188	2
2398	4206	1
2398	4235	1
2398	4377	1
2398	4646	1
2398	4843	1
2398	4901	3
2398	4921	1
2400	2403	3
2400	2538	2
2400	2901	1
2400	2902	2
2400	3299	2
2400	3545	1
2400	3728	2
2400	3737	1
2400	3744	5
2400	3749	2
2400	3909	1
2400	4206	2
2400	4900	1
2400	4901	5
2400	4921	1
2403	2538	2
2403	2901	3
2403	3299	1
2403	3300	1
2403	3302	2
2403	3484	1
2403	3545	1
2403	3728	3
2403	3737	1
2403	3744	5
2403	3749	1
2403	4076	2
2403	4119	1
2403	4206	2
2403	4235	1
2403	4243	1
2403	4629	1
2403	4803	1
2403	4899	1
2403	4901	6
2403	4982	2
2403	5129	1
2405	2788	1
2405	2809	1
2405	2844	1
2405	2902	1
2405	3484	2
2405	3545	1
2405	3744	1
2405	3915	1
2405	4054	1
2405	4235	2
2405	4901	1
2405	5001	1
2416	2795	1
2416	3484	1
2416	4025	1
2430	2432	1
2430	2434	4
2430	2484	4
2430	2964	2
2430	3478	1
2430	3772	1
2430	4293	2
2430	4534	1
2430	4611	1
2430	4667	1
2430	4678	1
2430	4711	2
2430	4760	6
2430	4834	1
2430	4885	1
2431	2434	1
2431	2964	1
2431	3478	1
2431	3752	1
2431	3772	1
2431	4186	1
2431	4188	1
2431	4197	1
2431	4293	3
2431	4377	1
2431	4534	1
2431	4667	1
2432	2484	1
2432	2512	1
2432	2964	1
2432	3229	1
2432	3478	1
2432	4667	1
2434	2484	3
2434	2708	2
2434	2964	2
2434	3066	1
2434	3478	2
2434	3545	1
2434	3705	1
2434	4293	1
2434	4667	1
2434	4678	1
2434	4711	2
2434	4760	3
2438	2844	1
2438	3906	1
2438	4235	1
2438	4534	1
2478	3744	1
2478	3808	2
2478	3925	1
2478	4054	1
2478	4678	1
2478	4712	1
2478	4938	2
2478	4980	1
2484	2680	1
2484	2708	2
2484	2964	1
2484	3066	1
2484	3703	1
2484	3705	1
2484	4293	1
2484	4611	1
2484	4678	1
2484	4711	1
2484	4760	2
2484	4834	1
2484	4858	1
2484	4885	2
2494	3066	1
2494	4026	3
2494	4176	2
2494	4188	1
2494	4395	1
2494	4827	1
2496	2788	1
2496	3066	1
2496	3076	1
2496	3700	1
2496	4026	1
2496	4176	1
2496	4401	1
2496	4559	1
2496	4787	1
2512	3066	1
2512	3276	1
2512	3802	1
2512	3906	1
2512	4293	1
2512	4667	2
2512	4712	1
2512	4880	2
2512	5007	1
2538	2844	1
2538	2901	4
2538	2902	1
2538	3299	4
2538	3300	3
2538	3302	1
2538	3545	1
2538	3728	5
2538	3737	1
2538	3744	2
2538	3749	2
2538	3941	1
2538	4803	1
2538	4899	2
2538	4900	3
2538	4901	4
2538	4969	1
2573	2695	4
2573	2696	1
2573	2698	3
2573	3066	3
2573	3116	2
2573	3296	2
2573	3573	2
2573	3952	4
2573	4235	2
2573	4239	1
2573	4848	2
2573	4849	1
2573	4858	1
2573	5107	2
2609	4290	1
2609	4573	1
2609	4647	3
2609	4711	1
2609	5048	1
2655	2878	1
2655	3012	1
2655	4712	2
2680	2708	2
2680	2809	1
2680	3066	1
2680	3076	1
2680	3377	1
2680	3484	1
2680	3545	1
2680	3546	2
2680	3562	1
2680	3667	1
2680	3700	3
2680	3703	4
2680	3705	2
2680	3744	1
2680	3768	3
2680	3919	2
2680	4053	1
2680	4076	1
2680	4088	1
2680	4091	1
2680	4186	2
2680	4187	2
2680	4188	2
2680	4451	2
2680	4642	1
2680	4667	2
2680	4827	1
2680	4980	1
2680	5007	1
2695	2696	2
2695	2698	1
2695	2886	2
2695	3066	2
2695	3116	2
2695	3296	3
2695	3377	1
2695	3484	1
2695	3573	3
2695	3705	1
2695	3952	5
2695	4235	2
2695	4239	1
2695	4243	1
2695	4849	1
2695	5107	1
2696	3066	2
2696	3296	2
2696	3426	1
2696	3573	1
2696	3705	1
2696	3952	2
2696	4235	4
2696	4574	1
2696	4787	1
2696	4848	1
2696	4849	3
2696	5107	2
2698	3066	2
2698	3116	1
2698	3296	1
2698	3573	1
2698	3952	2
2698	4235	1
2698	4239	1
2698	4848	1
2708	2783	1
2708	2964	1
2708	3066	2
2708	3100	1
2708	3300	1
2708	3358	2
2708	3377	1
2708	3484	1
2708	3545	2
2708	3547	1
2708	3565	1
2708	3700	1
2708	3703	2
2708	3705	3
2708	3752	1
2708	3906	3
2708	4030	1
2708	4076	3
2708	4088	2
2708	4091	2
2708	4235	1
2708	4290	1
2708	4534	1
2708	4573	1
2708	4574	2
2708	4611	1
2708	4647	2
2708	4667	4
2708	4678	1
2708	4712	1
2708	4946	1
2783	3633	1
2783	3768	1
2783	4186	2
2783	4188	1
2783	4202	1
2783	4308	1
2783	4573	1
2783	4574	1
2783	4647	1
2783	4813	3
2783	5048	1
2788	2875	2
2788	2889	1
2788	3010	1
2788	3012	1
2788	4054	2
2788	4451	1
2795	2964	1
2795	3531	1
2795	3700	1
2795	3834	1
2795	3906	1
2795	4067	1
2795	4091	1
2809	2844	1
2809	3066	1
2809	3470	1
2809	3484	1
2809	3700	1
2809	3906	1
2809	4202	1
2809	4235	1
2809	4678	1
2809	5001	1
2844	2964	1
2844	3377	1
2844	3484	3
2844	3547	1
2844	3802	1
2844	4235	1
2844	4629	1
2844	4678	1
2844	4712	2
2844	4803	2
2844	4946	1
2844	4969	2
2844	5001	1
2846	2889	1
2846	3066	1
2846	3300	1
2846	3484	1
2846	3545	1
2846	3915	1
2846	4187	1
2846	4197	2
2846	4941	1
2846	4946	1
2846	4972	1
2846	4980	1
2846	5007	1
2848	4187	1
2848	4208	1
2856	3008	1
2856	3300	1
2856	4025	1
2856	4188	1
2856	4787	1
2875	2886	1
2875	2889	1
2875	3012	1
2875	3484	2
2875	3545	1
2875	3667	1
2875	4054	1
2875	4197	1
2875	4235	1
2875	4451	1
2875	4534	1
2875	5048	1
2878	2889	2
2878	4712	1
2886	3066	1
2886	3484	1
2886	3909	1
2886	4026	1
2886	4176	1
2886	4197	1
2886	4401	1
2886	4574	1
2886	5001	1
2889	3012	1
2889	3066	1
2889	3906	1
2889	3970	1
2889	4054	1
2889	4197	4
2889	4751	1
2889	4946	1
2889	5007	1
2901	3299	2
2901	3300	1
2901	3302	1
2901	3545	1
2901	3646	1
2901	3728	1
2901	3744	2
2901	3749	2
2901	4076	1
2901	4899	1
2901	4901	5
2901	4982	1
2902	3276	1
2902	3299	1
2902	3302	1
2902	3728	3
2902	3737	2
2902	3744	5
2902	3749	2
2902	3906	1
2902	4188	2
2902	4206	1
2902	4395	1
2902	4843	1
2902	4899	2
2902	4900	1
2902	4901	8
2902	4921	2
2902	5129	1
2964	3229	1
2964	3478	1
2964	3547	2
2964	3703	1
2964	3705	1
2964	3772	1
2964	4054	1
2964	4188	1
2964	4197	2
2964	4235	2
2964	4293	3
2964	4534	5
2964	4629	1
2964	4711	1
2964	4712	1
2964	4760	1
2969	3470	1
2969	3484	1
2969	3565	1
2969	3802	1
2969	4091	1
2969	4235	1
2969	4377	1
2969	4629	1
2969	4923	1
2969	4938	1
2980	3720	1
2980	4070	1
2980	4308	1
2980	4711	1
2980	4712	1
2980	4751	1
2980	4876	1
2980	4923	2
3004	3076	1
3004	4827	1
3008	3377	1
3008	3700	1
3008	3772	1
3008	3834	1
3008	3906	1
3008	4016	1
3008	4053	1
3008	4088	1
3008	4938	1
3010	4834	1
3010	4980	1
3012	4056	1
3012	4712	1
3012	4803	1
3066	3116	2
3066	3296	1
3066	3377	3
3066	3486	1
3066	3545	2
3066	3573	1
3066	3700	1
3066	3768	1
3066	3808	1
3066	3906	2
3066	3941	1
3066	3952	2
3066	4026	1
3066	4030	1
3066	4056	1
3066	4076	2
3066	4088	1
3066	4091	1
3066	4106	1
3066	4119	1
3066	4176	3
3066	4186	1
3066	4188	1
3066	4197	1
3066	4235	3
3066	4239	1
3066	4308	2
3066	4401	2
3066	4559	1
3066	4574	3
3066	4607	1
3066	4667	5
3066	4678	3
3066	4787	1
3066	4848	1
3066	4849	2
3066	4885	1
3066	4938	1
3066	4946	1
3066	4969	1
3066	4972	1
3066	5004	2
3066	5007	2
3066	5048	1
3066	5051	1
3066	5107	1
3076	3484	1
3076	3545	2
3076	3573	1
3076	3700	1
3076	4026	1
3076	4119	1
3076	4176	1
3076	4188	1
3076	4197	2
3076	4235	1
3076	4377	1
3076	4401	1
3076	4574	1
3076	4629	1
3076	4667	2
3076	4827	1
3076	4980	2
3100	3276	1
3100	3522	1
3100	3749	1
3100	3906	1
3100	4099	1
3100	4206	1
3100	4290	1
3100	4858	1
3100	4901	1
3116	3296	1
3116	3411	1
3116	3426	1
3116	3484	1
3116	3910	1
3116	3952	1
3116	4235	1
3116	4239	1
3116	4848	2
3116	4849	1
3116	4876	1
3116	4980	1
3229	3547	1
3229	4076	1
3229	4308	1
3229	4712	1
3229	4740	1
3255	3909	1
3276	3522	1
3276	3562	1
3276	3749	1
3276	3834	1
3276	3906	1
3276	4206	1
3276	4843	1
3276	4901	2
3276	4921	1
3294	4647	1
3294	4946	1
3294	4972	1
3296	3573	2
3296	3705	1
3296	3952	4
3296	4235	1
3296	4239	1
3296	4848	1
3299	3545	1
3299	3728	2
3299	3744	2
3299	3749	1
3299	4899	1
3299	4900	1
3299	4901	2
3300	3302	1
3300	3484	1
3300	3545	1
3300	3728	1
3300	3749	1
3300	3906	1
3300	3915	1
3300	4712	1
3300	4900	1
3300	4901	2
3300	4941	1
3300	4946	1
3302	3728	5
3302	3744	5
3302	3749	4
3302	4076	2
3302	4188	2
3302	4206	1
3302	4629	1
3302	4712	1
3302	4803	1
3302	4843	1
3302	4899	1
3302	4900	1
3302	4901	6
3302	4921	1
3302	4982	2
3302	5129	1
3355	3484	1
3355	3910	1
3355	3941	1
3355	4197	2
3355	4235	2
3355	4642	1
3355	4667	2
3355	4712	1
3358	3377	1
3358	3752	1
3358	4076	1
3358	4377	1
3358	4678	1
3377	3700	2
3377	3752	1
3377	3768	2
3377	3906	1
3377	4054	1
3377	4076	2
3377	4088	1
3377	4091	1
3377	4186	1
3377	4239	1
3377	4377	1
3377	4607	1
3377	4611	1
3377	4646	1
3377	4667	2
3377	4678	2
3377	4787	1
3411	3426	1
3411	3470	1
3411	3531	1
3411	3646	1
3411	3933	1
3411	4067	1
3411	4186	1
3411	4235	2
3411	4751	1
3411	5004	1
3426	3970	1
3426	4235	3
3426	4239	1
3426	4848	1
3428	4188	1
3428	4451	1
3428	4667	1
3470	3484	2
3470	3906	1
3470	3925	1
3470	3933	1
3470	3941	1
3470	4056	1
3470	4076	1
3470	4235	2
3470	4377	1
3470	4629	1
3470	4646	1
3470	4969	1
3470	4982	1
3470	5004	1
3478	3562	1
3478	3772	1
3478	4293	2
3478	4629	1
3478	4667	1
3484	3486	1
3484	3545	1
3484	3725	1
3484	3802	1
3484	3906	3
3484	3915	2
3484	3919	1
3484	4025	1
3484	4054	1
3484	4070	1
3484	4186	1
3484	4187	2
3484	4197	4
3484	4235	6
3484	4290	1
3484	4451	1
3484	4534	1
3484	4629	1
3484	4642	1
3484	4667	5
3484	4678	2
3484	4711	1
3484	4712	3
3484	4876	1
3484	4938	5
3484	4941	1
3484	4946	1
3484	4969	1
3484	4980	1
3484	5001	2
3484	5007	1
3486	3565	1
3486	3808	1
3486	3941	2
3486	4076	1
3486	4667	1
3486	4980	1
3522	3749	1
3522	4206	1
3522	4843	1
3522	4901	1
3531	3646	1
3531	3834	1
3531	3933	1
3531	4067	2
3531	4091	1
3531	4106	1
3531	4678	1
3531	4938	1
3545	3565	1
3545	3646	1
3545	3667	8
3545	3700	1
3545	3728	1
3545	3749	1
3545	3768	1
3545	3802	1
3545	3808	1
3545	3906	1
3545	3909	1
3545	3915	1
3545	4020	1
3545	4030	2
3545	4076	3
3545	4119	3
3545	4186	3
3545	4187	1
3545	4235	4
3545	4243	1
3545	4308	4
3545	4377	2
3545	4528	8
3545	4559	1
3545	4573	1
3545	4574	1
3545	4607	1
3545	4611	1
3545	4617	1
3545	4647	1
3545	4667	2
3545	4678	1
3545	4711	1
3545	4712	1
3545	4740	8
3545	4751	1
3545	4885	1
3545	4900	1
3545	4901	1
3545	4938	3
3545	4941	1
3545	4946	1
3545	4980	3
3545	4982	1
3545	5007	1
3545	5048	1
3546	3667	4
3547	3703	1
3547	3705	1
3547	4076	2
3547	4235	2
3547	4534	1
3547	4629	1
3547	4712	1
3547	4740	1
3562	3834	1
3562	4629	1
3565	3768	1
3565	3808	2
3565	3834	1
3565	3941	1
3565	4235	1
3565	4980	1
3573	3952	3
3573	4235	1
3633	3768	1
3633	4016	1
3633	4235	1
3633	4239	1
3633	4574	1
3633	4667	1
3633	4813	1
3633	4923	1
3646	3749	1
3646	3933	2
3646	4067	1
3646	4723	1
3646	4876	1
3646	4901	1
3667	4015	1
3667	4016	1
3667	4186	1
3667	4243	1
3667	4528	9
3667	4740	9
3700	3906	1
3700	4026	1
3700	4176	1
3700	4186	1
3700	4401	1
3703	3705	2
3703	3768	2
3703	4235	1
3703	4534	1
3703	4667	1
3705	3952	1
3705	4235	2
3705	4534	1
3705	4667	1
3720	4020	1
3720	4054	1
3720	4186	1
3720	4751	1
3720	4876	1
3725	3749	1
3725	3915	1
3725	4617	1
3725	5001	1
3728	3737	5
3728	3744	4
3728	3749	6
3728	3906	1
3728	3915	1
3728	3933	1
3728	3941	1
3728	4076	1
3728	4186	1
3728	4188	2
3728	4206	2
3728	4235	1
3728	4395	2
3728	4629	2
3728	4803	1
3728	4899	2
3728	4900	4
3728	4901	10
3728	4921	1
3728	4982	1
3728	5129	2
3737	3744	3
3737	3749	4
3737	3906	1
3737	3933	1
3737	3941	1
3737	4186	3
3737	4188	2
3737	4206	2
3737	4395	2
3737	4667	1
3737	4899	1
3737	4900	1
3737	4901	4
3737	4921	1
3744	3749	6
3744	3925	1
3744	4076	2
3744	4186	3
3744	4188	2
3744	4206	3
3744	4235	1
3744	4629	1
3744	4803	1
3744	4843	1
3744	4899	2
3744	4901	13
3744	4921	2
3744	4923	1
3744	4980	1
3744	4982	2
3744	5129	1
3749	3933	1
3749	4186	2
3749	4188	2
3749	4206	3
3749	4395	1
3749	4629	1
3749	4667	1
3749	4843	1
3749	4901	11
3749	4921	2
3752	3910	1
3752	4076	1
3752	4377	1
3752	4574	1
3752	4647	1
3752	4667	2
3752	4678	1
3768	3834	1
3768	4076	1
3768	4186	1
3768	4188	3
3768	4197	1
3768	4235	1
3768	4308	1
3768	4574	1
3768	4617	2
3768	4667	3
3768	4813	1
3772	3834	1
3772	3906	1
3772	4016	1
3772	4053	1
3772	4088	1
3772	4188	1
3772	4197	1
3772	4293	5
3772	4534	1
3802	4308	1
3802	4678	1
3802	4712	1
3802	4938	1
3808	3941	1
3808	4015	1
3808	4056	2
3808	4186	1
3808	4188	1
3808	4678	1
3808	4938	2
3808	4972	1
3808	4980	2
3834	3906	1
3834	4016	1
3834	4053	1
3834	4067	1
3834	4088	1
3834	4091	1
3846	4053	1
3846	4208	1
3846	4880	1
3906	3919	1
3906	4016	1
3906	4020	1
3906	4053	1
3906	4088	2
3906	4091	1
3906	4099	1
3906	4186	1
3906	4188	1
3906	4197	1
3906	4202	1
3906	4235	3
3906	4290	2
3906	4308	1
3906	4534	1
3906	4559	1
3906	4574	1
3906	4629	1
3906	4642	1
3906	4646	1
3906	4667	2
3906	4678	1
3906	4899	1
3906	4938	1
3906	4946	1
3909	3919	1
3909	4076	1
3909	4197	1
3909	4607	1
3909	4980	1
3909	4982	1
3909	5007	1
3910	4197	1
3910	4235	1
3915	4235	2
3915	4901	1
3915	4941	1
3915	5048	1
3919	4187	1
3919	4197	1
3919	4611	1
3919	4642	1
3919	4647	1
3919	4667	1
3925	3933	2
3925	3941	1
3925	4056	1
3925	4076	1
3925	4243	1
3925	4629	2
3925	4923	1
3925	4980	1
3925	4982	2
3933	3941	1
3933	4056	1
3933	4067	1
3933	4076	1
3933	4091	1
3933	4206	1
3933	4395	1
3933	4629	1
3933	4751	1
3933	4901	1
3933	4921	1
3933	4923	1
3933	4982	1
3941	4056	1
3941	4076	2
3941	4197	1
3941	4235	1
3941	4642	1
3941	4667	1
3941	4900	1
3941	4980	2
3941	4982	1
3952	4235	2
3952	4239	1
3952	4293	2
3952	4848	1
3952	4907	1
3952	5107	1
3970	4197	1
3970	4573	1
3970	4751	1
4015	4016	3
4015	4056	1
4015	4980	1
4016	4053	1
4016	4056	1
4016	4088	1
4016	4235	1
4016	4880	1
4020	4054	2
4020	4186	3
4020	4711	1
4020	4880	1
4020	4923	1
4025	4070	1
4025	4188	1
4025	4534	1
4025	4787	1
4026	4176	3
4026	4401	2
4026	4574	1
4026	4827	1
4030	4119	1
4030	4377	1
4030	4611	1
4030	4647	1
4030	4667	1
4030	4980	1
4030	5004	1
4053	4088	1
4053	4235	1
4053	4642	1
4054	4186	2
4054	4197	1
4054	4235	3
4054	4290	1
4054	4534	2
4054	4711	1
4054	4923	1
4056	4076	1
4056	4186	1
4056	4188	1
4056	4751	1
4056	4880	1
4056	4972	1
4056	4982	1
4067	4091	1
4067	4667	1
4070	4711	1
4070	4712	1
4070	4876	1
4070	4923	1
4076	4186	1
4076	4187	1
4076	4235	3
4076	4308	1
4076	4574	1
4076	4646	1
4076	4647	1
4076	4667	3
4076	4678	1
4076	4712	1
4076	4723	1
4076	4740	1
4076	4779	1
4076	4803	1
4076	4899	1
4076	4901	1
4076	4938	2
4076	4980	2
4076	4982	5
4076	5007	1
4076	5129	1
4088	4091	3
4088	4186	1
4088	4574	1
4088	4678	1
4088	4899	1
4088	5129	1
4091	4186	1
4091	4629	1
4091	4827	1
4091	4923	1
4099	4559	1
4099	4629	1
4099	4779	1
4099	4858	1
4106	4235	1
4106	4667	1
4106	4711	1
4106	4938	1
4119	4235	1
4119	4243	1
4119	4377	2
4119	4647	1
4119	4980	1
4121	5051	1
4176	4401	3
4176	4574	1
4186	4187	1
4186	4188	2
4186	4202	1
4186	4235	2
4186	4290	1
4186	4308	1
4186	4377	1
4186	4574	1
4186	4617	1
4186	4667	1
4186	4711	1
4186	4712	1
4186	4751	2
4186	4813	1
4186	4843	1
4186	4858	1
4186	4880	1
4186	4901	1
4186	4980	1
4187	4197	2
4187	4451	1
4187	4534	1
4187	4751	1
4187	5007	1
4188	4197	3
4188	4235	2
4188	4293	1
4188	4395	1
4188	4451	1
4188	4534	1
4188	4629	1
4188	4667	4
4188	4712	1
4188	4787	1
4188	4899	1
4188	4901	2
4197	4235	8
4197	4293	2
4197	4451	1
4197	4534	3
4197	4574	1
4197	4642	2
4197	4667	3
4197	4712	1
4197	4751	1
4197	4779	1
4197	4946	1
4197	5007	2
4202	4235	1
4202	4813	1
4206	4629	1
4206	4843	1
4206	4901	6
4206	4921	3
4206	4938	1
4208	4235	1
4208	4907	1
4235	4239	1
4235	4243	1
4235	4290	1
4235	4293	2
4235	4377	1
4235	4451	2
4235	4534	5
4235	4574	1
4235	4642	1
4235	4667	2
4235	4678	1
4235	4711	1
4235	4740	1
4235	4779	1
4235	4848	2
4235	4849	1
4235	4858	1
4235	4901	1
4235	4907	1
4235	4923	1
4235	4946	1
4235	5007	2
4235	5107	1
4239	4667	1
4239	4848	1
4243	4629	1
4243	4642	1
4243	4982	1
4290	4647	1
4290	4711	1
4293	4451	2
4293	4534	2
4293	4611	1
4293	4667	2
4293	4813	1
4293	4834	1
4293	4885	1
4293	4907	1
4308	4573	1
4308	4574	1
4308	4617	1
4308	4647	1
4308	4678	1
4308	4711	1
4308	4712	1
4308	4751	1
4308	4923	1
4308	5048	1
4377	4451	1
4377	4678	1
4377	4980	2
4377	4982	1
4395	4667	1
4395	4901	2
4395	5129	1
4401	4574	1
4451	4534	1
4451	4667	1
4451	4813	1
4451	4941	1
4451	5007	3
4528	4740	9
4534	4667	1
4534	4740	1
4534	5007	1
4559	4573	1
4559	4629	1
4573	4647	2
4573	4667	1
4573	4712	1
4573	5048	1
4574	4617	1
4574	4647	1
4574	4667	1
4574	4678	1
4574	4711	1
4574	4813	1
4574	4849	1
4574	5107	1
4607	4712	1
4607	4834	1
4611	4647	2
4611	4834	1
4611	4885	1
4617	4642	1
4617	4667	1
4617	4711	1
4617	5001	1
4629	4712	2
4629	4901	2
4629	4923	2
4629	4982	1
4642	4667	1
4646	4667	1
4646	4751	1
4647	4667	1
4647	4711	1
4647	4803	1
4647	5048	1
4667	4712	2
4667	4740	1
4667	4751	1
4667	4760	1
4667	4779	1
4667	4813	1
4667	4885	1
4667	4938	2
4667	5004	1
4678	4712	1
4678	4760	1
4678	4938	2
4678	5007	1
4711	4712	1
4711	4751	1
4711	4760	2
4711	4876	1
4711	4923	2
4711	4938	1
4712	4723	1
4712	4843	1
4712	4876	1
4712	4880	1
4712	4923	1
4712	4938	1
4712	4972	1
4723	4779	1
4723	4876	1
4740	4980	1
4751	4876	1
4751	4923	1
4787	4849	1
4787	5107	1
4803	4899	1
4803	4969	1
4803	4982	1
4803	5129	1
4827	4980	1
4834	4885	1
4843	4901	2
4843	4921	2
4848	4858	1
4848	5107	1
4849	5107	2
4858	4885	1
4858	5107	1
4876	4923	1
4876	4980	1
4885	4938	1
4885	4969	1
4899	4982	1
4899	5129	2
4901	4921	4
4901	4982	1
4901	5129	1
4938	4969	2
4938	4980	1
4941	4980	1
4946	4972	1
4946	5007	1
4972	4980	1
4980	4982	2
4980	5007	2
4982	5007	1
4982	5129	1
5048	5051	1
