1	33	1
1	41	1
1	58	1
1	62	1
1	72	1
1	89	1
1	109	1
1	111	1
1	112	1
1	113	1
1	126	2
1	147	1
1	168	1
1	192	1
1	205	1
1	213	1
1	221	2
1	239	1
1	245	1
1	258	1
1	259	1
1	278	1
1	300	1
1	301	1
1	315	1
1	324	1
2	4	1
2	35	1
2	44	1
2	46	1
2	62	1
2	63	1
2	68	1
2	75	1
2	107	1
2	116	1
2	156	1
2	159	1
2	164	1
2	168	1
2	190	1
2	224	1
2	225	1
2	238	1
2	244	1
2	270	1
2	274	1
2	277	1
2	293	2
2	297	1
2	330	1
3	19	1
3	30	2
3	62	1
3	64	1
3	93	1
3	98	1
3	99	4
3	118	2
3	130	1
3	161	5
3	165	3
3	166	6
3	167	3
3	190	3
3	193	2
3	198	3
3	206	2
3	219	1
3	225	1
3	247	4
3	275	6
3	276	2
3	289	1
3	312	4
3	313	2
3	314	1
3	336	3
4	9	1
4	10	1
4	32	1
4	33	1
4	36	1
4	38	1
4	46	1
4	62	1
4	70	1
4	71	1
4	75	1
4	77	1
4	87	1
4	89	1
4	90	1
4	97	1
4	105	1
4	112	1
4	113	1
4	120	1
4	122	1
4	135	1
4	147	1
4	153	1
4	155	1
4	172	1
4	202	1
4	208	1
4	210	3
4	220	1
4	246	1
4	271	3
4	275	4
4	277	1
4	293	1
4	294	2
4	300	1
4	305	1
4	323	1
5	8	1
5	22	1
5	27	1
5	33	1
5	56	1
5	64	1
5	104	1
5	114	1
5	120	1
5	134	1
5	169	2
5	214	2
5	220	1
5	233	1
5	248	1
5	268	2
5	279	1
5	280	2
5	284	1
5	288	1
5	289	2
5	292	1
5	297	1
5	299	1
5	308	2
6	12	1
6	13	2
6	35	1
6	53	1
6	65	1
6	84	1
6	104	1
6	146	1
6	147	1
6	164	1
6	190	1
6	197	1
6	204	3
6	223	1
6	229	1
6	230	1
6	270	1
6	273	1
6	284	1
6	297	2
6	298	1
6	305	1
6	320	1
7	13	1
7	21	1
7	90	1
7	104	1
7	108	1
7	160	1
7	164	1
7	177	1
7	193	1
7	224	1
7	233	1
7	256	1
7	286	1
7	329	1
8	58	1
8	83	1
8	108	1
8	111	1
8	120	2
8	121	1
8	142	1
8	168	1
8	169	1
8	197	1
8	268	1
8	296	1
8	297	1
9	21	1
9	31	1
9	36	1
9	49	1
9	62	1
9	91	1
9	126	1
9	145	1
9	148	1
9	172	1
9	190	1
9	210	2
9	242	1
9	275	1
9	293	1
9	298	1
10	32	2
10	44	1
10	68	1
10	71	1
10	84	1
10	89	1
10	90	1
10	97	1
10	108	1
10	111	2
10	128	1
10	159	1
10	251	1
10	257	1
10	268	1
10	275	1
10	297	1
10	300	1
10	303	1
10	316	2
11	12	1
11	22	1
11	24	1
11	26	1
11	42	1
11	105	1
11	120	1
11	150	1
11	153	2
11	168	1
11	190	1
11	225	1
11	264	1
11	297	2
11	299	1
11	304	1
12	13	3
12	26	1
12	27	1
12	31	1
12	40	1
12	41	1
12	46	1
12	47	1
12	56	2
12	59	1
12	61	2
12	65	1
12	66	1
12	68	2
12	86	1
12	87	1
12	88	1
12	95	1
12	104	2
12	107	1
12	108	1
12	114	2
12	120	3
12	122	1
12	123	1
12	125	1
12	142	1
12	153	1
12	164	8
12	168	3
12	177	2
12	180	2
12	183	1
12	204	1
12	210	2
12	212	1
12	214	1
12	215	2
12	216	2
12	222	1
12	224	1
12	225	2
12	230	1
12	233	1
12	239	1
12	241	1
12	256	1
12	260	3
12	268	2
12	269	1
12	270	1
12	275	2
12	284	3
12	286	1
12	296	1
12	297	2
12	329	3
12	330	1
12	333	1
13	21	1
13	22	1
13	35	1
13	40	1
13	47	1
13	61	1
13	65	1
13	88	1
13	104	1
13	108	1
13	113	1
13	114	1
13	125	1
13	150	1
13	153	1
13	156	1
13	164	2
13	170	1
13	177	2
13	204	1
13	223	1
13	251	1
13	256	2
13	268	1
13	270	2
13	284	1
13	286	1
13	297	1
13	298	1
13	304	1
13	316	1
14	33	2
14	68	1
14	83	1
14	87	1
14	91	1
14	112	1
14	119	1
14	121	1
14	126	1
14	131	1
14	149	1
14	184	1
14	189	1
14	210	1
14	252	1
14	257	1
15	29	1
15	50	1
15	65	1
15	107	1
15	171	1
15	223	1
15	239	1
15	245	3
15	246	1
15	262	1
15	268	1
15	293	1
15	329	1
16	27	3
16	61	1
16	74	2
16	130	1
16	152	1
16	159	1
16	183	1
16	247	1
16	279	2
16	297	1
17	62	1
17	103	1
17	190	1
17	317	1
17	324	1
17	327	1
18	25	1
18	35	1
18	45	1
18	52	1
18	59	1
18	89	1
18	110	1
18	111	1
18	113	2
18	142	1
18	173	1
18	210	2
18	213	1
18	235	1
18	249	1
18	250	1
18	256	1
18	264	1
18	268	1
18	275	2
18	278	1
18	298	1
18	299	1
18	300	1
18	315	1
18	329	1
19	98	1
19	127	2
19	204	1
19	247	1
19	256	1
19	275	1
19	279	1
19	321	1
20	65	1
20	67	1
20	77	1
20	92	1
20	96	1
20	124	1
20	134	1
20	138	1
20	252	1
21	31	1
21	34	2
21	45	1
21	62	2
21	108	1
21	126	1
21	159	1
21	164	1
21	172	1
21	177	1
21	190	1
21	225	1
21	238	3
21	255	1
21	256	1
21	286	1
21	298	1
21	333	1
22	26	1
22	27	1
22	35	1
22	40	1
22	53	1
22	56	1
22	61	1
22	64	2
22	105	1
22	113	1
22	114	1
22	126	1
22	150	1
22	153	1
22	156	1
22	164	1
22	190	2
22	223	1
22	264	1
22	268	1
22	279	1
22	284	1
22	297	2
22	298	1
22	304	1
22	308	1
23	24	2
23	29	1
23	48	1
23	57	1
23	67	1
23	93	2
23	105	1
23	129	1
23	132	1
23	133	2
23	158	4
23	170	1
23	176	2
23	186	1
23	191	1
23	195	1
23	223	1
23	229	1
23	231	1
23	252	1
23	253	1
23	258	1
23	267	1
23	270	2
23	282	1
23	283	1
23	287	1
23	297	2
23	306	1
23	335	1
24	42	1
24	129	1
24	130	1
24	158	1
24	176	1
24	186	1
24	252	1
24	270	1
24	306	1
25	26	1
25	45	1
25	62	2
25	64	2
25	80	1
25	113	1
25	168	1
25	172	1
25	239	2
25	272	1
25	275	1
25	296	1
25	307	1
26	27	1
26	53	3
26	64	1
26	120	2
26	124	1
26	126	1
26	150	1
26	153	2
26	156	1
26	164	1
26	168	2
26	183	2
26	190	1
26	223	1
26	225	1
26	268	1
26	271	1
26	275	2
26	279	1
26	286	1
26	297	1
26	299	1
26	304	1
27	33	1
27	35	1
27	53	1
27	56	1
27	64	1
27	74	1
27	104	2
27	114	2
27	130	1
27	150	1
27	151	2
27	152	1
27	153	1
27	156	1
27	159	1
27	183	1
27	209	1
27	247	1
27	275	1
27	279	6
27	284	1
27	290	1
27	291	1
27	297	2
27	308	1
27	310	2
27	317	1
28	31	1
28	67	1
28	116	2
28	130	1
28	262	1
28	309	1
29	65	1
29	96	1
29	107	1
29	133	1
29	158	1
29	171	1
29	195	1
29	223	1
29	239	1
29	287	1
30	64	1
30	98	1
30	161	1
30	166	1
30	206	1
30	275	3
30	276	1
30	312	1
30	314	1
30	336	1
31	45	1
31	46	1
31	57	1
31	130	1
31	159	2
31	196	1
31	206	1
31	239	1
31	248	3
31	262	1
31	270	1
31	309	1
31	329	1
31	333	1
32	44	1
32	71	1
32	84	1
32	89	1
32	90	3
32	97	2
32	108	1
32	111	1
32	112	1
32	128	1
32	159	1
32	177	1
32	214	1
32	220	1
32	275	1
32	292	1
32	294	1
32	300	1
32	303	1
32	316	1
32	323	1
32	334	1
33	35	1
33	38	1
33	49	1
33	50	1
33	58	2
33	60	2
33	62	1
33	65	1
33	67	1
33	68	1
33	69	1
33	71	1
33	72	1
33	76	2
33	77	2
33	85	2
33	87	1
33	91	1
33	97	1
33	104	3
33	105	1
33	107	3
33	108	2
33	109	1
33	111	1
33	112	4
33	114	1
33	120	4
33	121	3
33	126	3
33	128	1
33	131	3
33	134	2
33	135	1
33	136	1
33	142	2
33	144	1
33	145	2
33	151	1
33	153	1
33	154	1
33	160	2
33	161	1
33	162	1
33	172	1
33	174	1
33	181	1
33	184	1
33	185	1
33	189	1
33	190	1
33	194	1
33	199	1
33	200	2
33	201	3
33	208	3
33	209	2
33	210	5
33	211	2
33	213	1
33	214	5
33	226	2
33	228	3
33	230	1
33	231	2
33	235	1
33	239	3
33	242	1
33	245	1
33	246	1
33	257	1
33	260	1
33	268	1
33	270	1
33	279	1
33	280	2
33	282	1
33	293	1
33	295	1
33	296	1
33	297	3
33	298	2
33	299	1
33	300	3
33	303	1
33	305	1
33	315	1
33	319	1
33	320	2
33	324	4
33	325	1
33	329	1
33	331	1
33	334	1
34	62	1
34	114	1
34	164	1
34	238	2
34	255	2
34	260	1
34	294	1
35	36	1
35	38	1
35	40	1
35	44	1
35	50	2
35	52	1
35	59	1
35	61	1
35	62	2
35	71	1
35	75	1
35	76	1
35	104	1
35	107	1
35	111	3
35	112	2
35	113	1
35	121	1
35	123	1
35	128	1
35	135	2
35	138	1
35	150	1
35	151	1
35	153	1
35	156	1
35	159	1
35	174	1
35	228	1
35	236	1
35	238	1
35	239	1
35	242	1
35	249	2
35	250	1
35	268	1
35	274	1
35	275	3
35	279	1
35	297	1
35	298	1
35	304	1
35	305	1
35	316	1
35	320	1
35	329	1
36	43	1
36	50	1
36	75	1
36	91	1
36	97	1
36	113	1
36	122	1
36	145	1
36	202	1
36	220	1
36	246	1
36	249	1
36	250	2
36	257	1
36	271	1
36	275	1
36	294	1
37	67	1
37	125	2
37	132	1
37	157	1
37	179	1
37	190	3
37	253	1
37	267	2
37	270	1
37	283	1
37	289	1
38	42	1
38	43	1
38	63	1
38	77	1
38	79	1
38	120	1
38	135	2
38	172	1
38	181	1
38	208	1
38	212	1
38	214	1
38	221	1
38	230	1
38	231	1
38	244	1
38	245	2
38	252	1
38	275	2
38	303	1
38	320	2
38	323	2
39	48	1
39	53	1
39	62	1
39	104	1
39	142	2
39	168	1
39	169	1
39	176	1
39	187	1
39	214	2
39	254	1
39	280	1
39	287	1
39	288	3
39	291	1
39	296	2
39	334	1
40	41	1
40	61	1
40	65	1
40	73	1
40	77	1
40	89	1
40	104	1
40	111	1
40	113	1
40	114	2
40	119	1
40	125	1
40	132	1
40	150	2
40	153	2
40	156	1
40	164	1
40	183	1
40	191	1
40	209	1
40	210	1
40	214	1
40	254	1
40	265	1
40	268	1
40	271	1
40	274	1
40	275	2
40	281	1
40	286	1
40	297	1
40	298	1
40	302	1
40	304	1
40	307	1
40	321	1
40	329	1
41	49	1
41	55	1
41	57	2
41	58	1
41	62	1
41	65	1
41	81	1
41	95	1
41	104	1
41	113	1
41	114	1
41	123	1
41	141	1
41	147	1
41	163	1
41	164	2
41	173	1
41	189	1
41	210	1
41	215	5
41	222	3
41	227	1
41	233	2
41	242	1
41	250	1
41	270	2
41	271	2
41	275	3
41	286	1
41	292	1
41	297	4
41	300	1
41	302	1
42	44	1
42	90	1
42	111	1
42	142	1
42	210	1
42	252	1
43	245	1
43	249	1
43	250	1
43	257	1
43	293	1
43	303	1
43	323	1
44	60	1
44	62	1
44	89	1
44	91	1
44	104	1
44	109	1
44	111	2
44	128	1
44	142	1
44	159	1
44	238	1
44	274	1
44	300	1
44	316	2
44	329	1
45	62	1
45	63	1
45	159	1
45	187	1
45	234	1
45	236	1
45	237	1
45	239	1
45	250	1
45	255	1
45	257	1
45	261	1
45	268	1
45	270	1
45	295	1
45	333	1
46	75	1
46	107	1
46	205	1
46	275	1
46	293	1
46	321	1
46	329	1
47	56	1
47	170	1
47	256	1
47	268	1
47	325	1
47	329	1
48	169	1
48	186	1
48	191	1
48	195	1
48	263	1
48	280	1
48	288	1
48	296	1
48	305	1
48	334	1
49	80	1
49	104	1
49	114	1
49	135	1
49	210	2
49	211	1
49	212	1
49	239	1
49	260	1
49	289	1
49	293	1
50	70	1
50	75	3
50	76	3
50	105	1
50	108	2
50	111	1
50	112	1
50	120	1
50	123	1
50	126	1
50	129	1
50	137	1
50	140	1
50	184	1
50	205	1
50	208	1
50	236	1
50	245	1
50	249	1
50	262	2
50	293	1
50	298	1
50	323	1
50	329	1
50	332	1
50	337	1
51	72	1
51	79	1
51	80	1
51	108	1
51	126	1
51	131	1
51	162	2
51	168	1
51	185	1
51	203	1
51	242	1
51	260	1
51	280	1
51	288	1
51	296	1
51	303	1
51	323	1
51	334	1
52	59	1
52	78	1
52	111	1
52	114	1
52	185	1
52	239	2
52	249	1
52	250	1
52	259	1
52	299	1
52	300	1
52	315	1
52	323	1
53	64	1
53	114	1
53	120	1
53	124	1
53	126	1
53	137	1
53	150	1
53	153	1
53	156	1
53	164	1
53	182	1
53	183	1
53	190	1
53	204	1
53	214	1
53	223	1
53	228	2
53	229	1
53	257	1
53	268	1
53	275	1
53	282	2
53	287	1
53	288	1
53	297	1
53	299	1
53	303	1
53	304	1
53	320	2
53	337	1
54	62	1
54	65	1
54	108	1
54	114	1
54	126	1
54	139	1
54	169	1
54	182	1
54	190	1
54	195	1
54	214	1
54	228	1
54	229	1
54	231	1
54	233	1
54	239	1
54	265	1
54	268	1
54	270	1
54	280	1
54	296	1
54	318	1
55	80	1
55	95	1
55	119	1
55	193	1
55	270	1
55	271	1
55	297	1
56	59	1
56	64	1
56	87	1
56	95	1
56	104	1
56	114	1
56	122	1
56	125	1
56	164	1
56	207	1
56	210	1
56	268	1
56	269	1
56	270	1
56	279	1
56	284	2
56	297	2
56	308	1
56	333	1
57	58	1
57	250	1
57	275	1
58	60	1
58	83	1
58	89	1
58	111	1
58	112	2
58	131	1
58	142	1
58	197	1
58	239	1
58	259	1
58	296	1
59	64	1
59	75	1
59	78	1
59	83	2
59	86	1
59	87	1
59	95	2
59	102	2
59	104	1
59	111	1
59	112	1
59	113	1
59	114	2
59	122	1
59	125	2
59	134	2
59	140	1
59	142	1
59	164	1
59	168	1
59	169	2
59	190	2
59	210	1
59	214	1
59	216	1
59	233	2
59	236	1
59	249	1
59	250	1
59	257	1
59	268	1
59	269	1
59	270	1
59	272	1
59	280	1
59	284	1
59	292	1
59	297	1
59	298	1
59	303	1
59	308	1
59	321	1
59	326	1
59	328	1
59	333	1
60	89	1
60	91	1
60	104	1
60	112	1
60	121	1
60	126	1
60	142	2
60	214	1
60	239	1
60	268	1
60	269	1
60	303	1
60	316	1
61	74	1
61	108	1
61	113	1
61	125	1
61	150	1
61	153	1
61	156	1
61	164	4
61	172	1
61	191	1
61	204	1
61	223	1
61	230	1
61	233	1
61	260	1
61	268	1
61	298	1
61	304	1
61	309	1
61	311	1
61	329	1
62	64	1
62	77	1
62	83	4
62	85	1
62	92	1
62	101	1
62	103	1
62	104	2
62	107	1
62	108	1
62	112	1
62	113	5
62	117	1
62	120	1
62	123	2
62	126	1
62	130	1
62	131	1
62	134	1
62	138	1
62	139	2
62	141	2
62	142	4
62	147	1
62	148	1
62	155	3
62	164	2
62	165	1
62	166	1
62	168	1
62	172	1
62	174	3
62	180	1
62	184	1
62	190	3
62	198	1
62	202	1
62	203	1
62	204	3
62	208	1
62	210	5
62	213	1
62	214	4
62	225	2
62	227	1
62	231	1
62	232	1
62	233	1
62	235	1
62	236	2
62	238	2
62	239	2
62	241	1
62	242	1
62	243	1
62	244	1
62	245	1
62	246	1
62	247	1
62	254	2
62	255	1
62	257	1
62	260	2
62	261	1
62	262	1
62	264	1
62	265	1
62	271	1
62	272	1
62	274	1
62	275	3
62	279	1
62	281	1
62	284	1
62	289	1
62	291	2
62	296	3
62	297	2
62	298	3
62	300	1
62	324	10
62	326	1
62	327	1
62	328	1
62	329	3
62	330	1
62	332	1
62	333	2
63	81	1
63	107	1
63	116	1
63	187	1
63	234	1
63	237	1
63	239	1
63	244	1
63	245	1
63	250	1
63	252	1
63	255	1
63	261	1
63	273	1
63	323	1
63	324	1
64	80	1
64	86	1
64	93	1
64	98	1
64	103	1
64	113	1
64	114	1
64	117	1
64	126	1
64	148	1
64	161	1
64	164	1
64	172	1
64	184	1
64	190	1
64	202	1
64	214	1
64	223	1
64	239	1
64	260	1
64	268	1
64	272	1
64	275	2
64	279	1
64	281	1
64	284	2
64	296	1
64	297	1
64	301	1
64	305	1
64	307	1
64	308	1
64	312	1
64	314	1
64	324	1
64	336	1
65	68	1
65	69	1
65	104	1
65	107	2
65	114	1
65	134	1
65	164	1
65	171	1
65	204	1
65	223	2
65	230	1
65	239	1
65	245	1
65	252	1
65	268	1
65	275	1
65	282	1
65	286	1
65	297	1
65	302	1
66	75	1
66	180	1
66	217	1
66	241	1
66	256	1
66	268	1
67	93	1
67	111	1
67	116	1
67	121	1
67	131	1
67	134	1
67	142	1
67	144	1
67	190	1
67	194	1
67	270	2
67	300	1
68	111	1
68	112	1
68	121	1
68	142	1
68	164	2
68	177	1
68	189	1
68	217	1
68	244	1
68	256	1
68	257	1
68	277	1
68	284	1
68	293	1
68	297	1
68	300	1
68	330	1
69	101	1
69	107	1
69	214	1
69	226	1
69	230	1
69	303	1
69	315	1
70	106	1
70	120	1
70	136	1
70	137	3
70	153	1
70	192	1
70	263	1
70	268	1
70	314	2
71	76	3
71	80	1
71	90	1
71	97	1
71	104	1
71	107	1
71	111	3
71	112	1
71	121	1
71	128	1
71	177	1
71	214	1
71	251	1
71	256	1
71	275	1
71	299	1
71	323	1
71	334	1
72	77	1
72	89	1
72	126	2
72	161	1
72	185	1
72	205	1
72	213	1
72	221	1
72	245	1
72	252	1
72	258	2
72	280	1
72	286	1
72	303	1
72	323	1
73	104	2
73	119	1
73	191	1
73	214	2
73	254	1
73	265	2
73	281	1
73	297	1
73	329	1
74	81	1
74	128	1
74	130	1
74	159	1
74	214	1
74	222	1
74	247	1
74	279	2
74	285	1
74	301	1
74	302	1
75	76	1
75	108	1
75	112	1
75	126	1
75	142	1
75	184	1
75	190	1
75	236	1
75	257	1
75	262	1
75	268	1
75	293	2
75	323	1
75	328	1
76	80	1
76	104	1
76	105	1
76	108	1
76	110	1
76	111	2
76	112	2
76	121	1
76	128	1
76	129	1
76	139	1
76	184	1
76	205	1
76	208	1
76	236	1
76	251	1
76	256	1
76	262	1
76	293	1
76	299	1
76	323	2
76	332	1
77	111	1
77	113	1
77	135	2
77	142	2
77	161	1
77	172	1
77	182	1
77	184	1
77	189	1
77	191	1
77	196	1
77	201	1
77	208	1
77	210	2
77	214	1
77	228	1
77	240	1
77	260	1
77	271	1
77	307	1
77	311	1
77	320	2
77	322	1
77	329	1
77	330	1
77	333	1
78	80	1
78	121	1
78	125	1
78	140	1
78	185	1
78	230	1
78	233	1
78	259	1
78	260	1
78	275	2
78	292	1
78	299	1
78	300	1
78	315	1
78	323	1
79	129	1
79	133	1
79	146	1
79	168	1
79	190	1
79	196	1
79	203	1
79	214	1
79	217	1
79	237	1
79	240	1
79	260	1
79	275	2
79	287	1
80	108	1
80	119	2
80	121	1
80	131	1
80	162	1
80	193	1
80	194	1
80	296	1
80	307	1
81	164	1
81	215	1
81	222	1
81	252	1
81	286	1
81	301	1
82	83	1
82	100	1
82	149	1
82	207	2
83	86	1
83	102	1
83	106	1
83	108	1
83	111	1
83	112	1
83	120	1
83	126	1
83	131	1
83	134	2
83	142	2
83	149	1
83	155	2
83	168	1
83	197	1
83	207	1
83	210	3
83	213	1
83	218	1
83	233	2
83	236	2
83	237	1
83	252	1
83	264	1
83	268	1
83	270	1
83	271	1
83	296	1
83	297	1
83	298	2
83	300	2
83	311	1
83	324	4
84	90	1
84	108	1
84	146	1
84	147	1
84	229	1
84	230	1
84	273	1
84	300	1
84	303	1
84	320	1
85	87	1
85	104	1
85	113	1
85	123	1
85	144	2
85	160	1
85	173	1
85	210	4
85	239	2
85	268	1
85	297	2
85	299	1
85	307	1
85	324	3
85	327	1
85	329	1
86	107	1
86	113	1
86	120	1
86	122	1
86	131	1
86	168	1
86	183	1
86	202	1
86	210	1
86	214	1
86	216	1
86	224	1
86	225	1
86	239	1
86	243	1
86	268	1
86	271	1
86	275	1
86	286	1
86	294	1
86	297	1
86	300	1
86	311	1
86	326	1
87	91	1
87	95	1
87	104	1
87	120	1
87	122	1
87	125	1
87	131	1
87	147	1
87	164	1
87	184	1
87	210	4
87	239	1
87	269	1
87	284	1
87	297	1
87	333	1
88	108	2
88	114	1
88	163	1
88	178	1
88	205	1
88	212	1
88	268	1
88	300	1
88	303	1
88	311	1
89	90	1
89	91	1
89	104	2
89	111	2
89	112	3
89	142	2
89	183	1
89	210	1
89	220	1
89	252	1
89	256	2
89	259	1
89	268	2
89	275	2
89	278	1
89	286	2
89	316	1
89	323	1
90	97	1
90	108	1
90	109	1
90	112	1
90	160	1
90	177	1
90	214	1
90	220	1
90	275	1
90	303	1
90	323	1
90	334	1
91	104	1
91	106	2
91	131	1
91	142	1
91	145	1
91	184	1
91	210	1
91	214	2
91	268	1
91	270	1
91	297	1
91	316	1
92	96	1
92	105	1
92	123	2
92	124	2
92	141	1
92	148	1
92	172	1
92	173	2
92	202	1
92	210	3
92	222	1
92	241	1
92	268	1
92	271	1
92	275	2
92	326	1
92	331	1
93	118	1
93	120	1
93	154	1
93	165	1
93	166	1
93	186	1
93	190	1
93	204	1
93	239	1
93	260	1
93	270	1
93	275	2
93	276	1
93	286	1
93	301	1
93	305	1
93	309	1
93	335	1
94	126	1
94	136	1
94	168	1
94	175	1
94	200	1
94	214	1
94	222	1
94	239	2
94	251	1
94	274	1
94	277	1
94	292	1
94	326	1
95	102	5
95	104	1
95	113	1
95	114	1
95	120	1
95	122	1
95	125	1
95	164	1
95	169	2
95	210	1
95	260	1
95	268	1
95	269	2
95	270	3
95	271	2
95	272	1
95	275	1
95	284	2
95	286	1
95	288	1
95	297	1
95	308	1
95	333	2
96	124	1
96	195	3
96	200	1
97	107	1
97	108	1
97	109	1
97	142	1
97	175	1
97	177	2
97	178	1
97	184	1
97	185	1
97	210	1
97	214	1
97	218	1
97	220	1
97	226	2
97	250	1
97	251	1
97	256	3
97	257	2
97	266	1
97	268	1
97	271	1
97	275	4
97	292	1
97	294	1
97	316	1
97	334	1
98	104	1
98	126	1
98	127	1
98	130	1
98	133	1
98	155	1
98	161	1
98	165	1
98	193	2
98	241	1
98	256	1
98	275	1
98	298	1
98	312	1
98	314	1
98	333	1
98	336	1
99	126	1
99	127	2
99	130	2
99	161	4
99	165	3
99	166	3
99	167	1
99	190	3
99	193	2
99	198	2
99	219	1
99	247	3
99	275	1
99	276	1
99	289	1
99	306	1
99	312	1
99	313	3
99	336	3
100	127	1
100	173	1
100	204	1
100	207	1
101	115	1
101	132	1
101	190	1
101	191	1
101	204	1
101	219	1
101	254	1
101	297	1
101	332	1
102	104	1
102	113	1
102	114	1
102	120	1
102	122	1
102	169	2
102	233	2
102	268	1
102	270	4
102	272	1
102	288	1
102	308	1
103	190	1
103	275	1
103	281	1
103	284	1
103	333	1
104	111	1
104	112	2
104	113	3
104	114	1
104	119	1
104	121	1
104	122	2
104	125	1
104	126	3
104	128	1
104	131	2
104	142	2
104	143	1
104	144	2
104	147	1
104	150	1
104	151	1
104	153	1
104	155	1
104	156	1
104	160	1
104	164	2
104	168	1
104	169	1
104	173	2
104	176	1
104	187	1
104	190	2
104	191	2
104	193	1
104	194	1
104	204	1
104	209	1
104	210	1
104	214	5
104	220	1
104	223	1
104	232	1
104	233	3
104	235	1
104	239	1
104	252	1
104	254	1
104	256	1
104	259	1
104	260	2
104	265	3
104	269	1
104	270	1
104	275	1
104	277	1
104	279	2
104	280	1
104	281	2
104	284	1
104	289	3
104	291	1
104	292	1
104	296	1
104	297	4
104	307	1
104	308	1
104	310	1
104	316	1
104	317	1
104	327	1
104	329	2
104	333	1
105	112	1
105	124	1
105	148	1
105	150	1
105	172	1
105	173	1
105	176	1
105	190	2
105	194	1
105	210	1
105	264	1
105	265	1
105	277	1
105	280	1
105	294	1
105	297	1
105	300	1
105	304	1
105	331	1
106	111	1
106	112	1
106	120	1
106	131	1
106	136	1
106	214	2
106	218	1
106	233	1
106	237	1
106	268	2
106	314	1
107	108	1
107	111	1
107	112	1
107	113	1
107	116	1
107	120	1
107	123	1
107	138	1
107	145	1
107	148	2
107	154	1
107	162	1
107	168	1
107	170	1
107	171	1
107	174	1
107	183	1
107	184	1
107	192	1
107	208	1
107	210	1
107	216	1
107	218	1
107	223	1
107	224	1
107	225	1
107	226	1
107	239	2
107	245	1
107	256	1
107	275	2
107	282	1
107	286	1
107	295	1
107	298	1
107	303	1
107	315	1
107	321	1
107	334	1
108	120	1
108	125	1
108	126	2
108	139	2
108	140	1
108	162	3
108	163	1
108	164	1
108	168	1
108	171	1
108	173	1
108	177	1
108	178	1
108	183	1
108	184	3
108	204	1
108	212	1
108	213	2
108	216	1
108	218	1
108	230	1
108	231	1
108	233	1
108	235	1
108	237	1
108	239	1
108	256	1
108	258	1
108	260	1
108	262	2
108	264	1
108	275	1
108	278	2
108	286	1
108	293	2
108	295	1
108	296	2
108	297	3
108	298	1
108	299	1
108	300	3
108	303	2
108	311	1
108	323	1
108	324	2
108	328	1
108	334	1
109	126	1
109	142	1
109	177	1
109	210	1
109	271	1
109	275	1
109	300	1
109	324	1
110	113	1
110	139	1
110	168	1
110	236	1
110	256	1
110	264	1
110	275	1
110	299	1
111	112	3
111	113	1
111	120	2
111	121	3
111	123	1
111	128	2
111	131	1
111	142	2
111	144	1
111	159	1
111	210	1
111	211	1
111	218	2
111	233	1
111	236	2
111	237	1
111	246	1
111	249	2
111	250	1
111	251	1
111	256	1
111	259	1
111	268	1
111	297	1
111	299	1
111	300	1
111	316	1
111	323	1
111	329	2
112	114	1
112	120	1
112	121	2
112	128	1
112	131	1
112	134	1
112	138	1
112	142	1
112	174	1
112	189	1
112	190	1
112	218	1
112	220	1
112	233	1
112	236	1
112	237	1
112	239	1
112	257	2
112	259	1
112	275	1
112	290	1
112	323	1
112	328	1
113	114	1
113	119	1
113	120	1
113	122	1
113	123	3
113	124	1
113	126	2
113	131	2
113	142	2
113	148	1
113	150	1
113	153	1
113	156	1
113	169	1
113	172	1
113	174	2
113	180	1
113	184	1
113	188	1
113	190	2
113	202	1
113	208	2
113	210	5
113	213	1
113	221	1
113	233	1
113	239	2
113	243	1
113	246	1
113	264	1
113	268	2
113	269	1
113	271	4
113	272	2
113	275	5
113	279	1
113	292	1
113	293	1
113	294	2
113	297	5
113	298	1
113	299	2
113	300	1
113	301	1
113	303	1
113	304	1
113	308	1
113	315	1
113	323	1
113	324	1
113	326	1
113	327	1
113	333	1
114	131	1
114	134	1
114	147	1
114	150	1
114	153	1
114	156	1
114	159	1
114	164	1
114	168	1
114	169	1
114	171	1
114	183	1
114	190	2
114	210	1
114	211	1
114	214	3
114	233	1
114	234	1
114	235	1
114	239	1
114	257	1
114	260	1
114	265	1
114	268	1
114	272	1
114	275	2
114	277	1
114	279	2
114	280	1
114	284	1
114	286	1
114	290	3
114	297	3
114	298	1
114	299	1
114	300	1
114	302	1
114	303	1
114	304	1
114	308	2
114	310	1
115	132	1
115	187	1
115	190	1
115	191	1
115	204	1
115	219	1
115	223	1
115	332	1
117	141	1
117	184	1
117	210	2
117	324	2
117	325	1
118	155	1
118	166	2
118	190	1
118	230	1
118	244	1
118	275	1
118	313	1
118	329	1
119	131	1
119	193	1
119	208	1
119	210	2
119	214	1
119	254	1
119	265	1
119	275	2
119	281	1
119	329	1
119	335	1
120	121	1
120	124	1
120	126	1
120	131	2
120	137	1
120	147	1
120	150	1
120	153	2
120	156	1
120	160	1
120	162	1
120	168	2
120	169	1
120	176	1
120	181	1
120	183	2
120	190	1
120	200	2
120	201	1
120	210	1
120	211	1
120	214	2
120	216	1
120	218	1
120	221	1
120	224	1
120	225	2
120	228	1
120	231	1
120	233	1
120	237	1
120	246	1
120	260	1
120	268	1
120	275	2
120	279	1
120	286	1
120	288	1
120	296	1
120	297	3
120	299	1
120	304	1
120	319	1
120	320	1
121	126	1
121	128	1
121	142	1
121	144	1
121	189	1
121	257	1
122	125	1
122	164	1
122	179	1
122	202	1
122	210	1
122	233	1
122	246	1
122	269	1
122	270	1
122	271	1
122	275	1
122	284	1
122	294	1
122	331	1
122	333	1
123	124	1
123	141	1
123	148	1
123	168	1
123	173	2
123	187	1
123	208	1
123	210	5
123	235	1
123	236	1
123	249	1
123	260	1
123	268	1
123	275	2
123	280	1
123	297	1
123	300	1
123	324	2
123	326	1
123	329	1
124	148	1
124	150	1
124	153	1
124	156	1
124	160	1
124	172	1
124	173	1
124	182	1
124	183	1
124	199	1
124	208	1
124	210	2
124	230	1
124	275	1
124	299	1
124	304	1
124	318	1
124	331	1
125	132	1
125	140	1
125	157	1
125	164	2
125	190	1
125	191	1
125	210	1
125	233	1
125	255	1
125	267	1
125	269	1
125	275	1
125	284	1
125	292	1
125	295	1
125	297	2
125	303	1
125	309	1
125	329	1
125	333	1
126	131	1
126	133	1
126	134	1
126	138	1
126	142	1
126	144	2
126	146	1
126	147	2
126	149	1
126	153	1
126	154	1
126	160	1
126	162	2
126	164	1
126	166	1
126	168	2
126	172	1
126	173	2
126	181	1
126	185	1
126	190	3
126	199	1
126	205	1
126	210	1
126	213	1
126	214	3
126	218	1
126	221	1
126	223	1
126	228	1
126	230	1
126	239	2
126	245	1
126	251	1
126	252	1
126	258	1
126	262	1
126	263	1
126	265	1
126	268	1
126	273	1
126	275	1
126	278	1
126	280	1
126	287	1
126	288	1
126	293	3
126	296	3
126	297	2
126	298	2
126	299	1
126	300	2
126	303	1
126	306	1
126	313	1
126	320	2
126	323	1
126	324	1
126	333	1
126	336	1
127	130	1
127	161	1
127	165	2
127	190	1
127	193	1
127	247	1
127	275	1
127	277	1
127	279	1
127	313	1
127	321	1
128	150	1
128	159	2
128	234	1
128	279	2
128	300	1
128	316	1
129	140	1
129	176	1
129	205	1
129	208	1
129	252	1
129	261	1
129	262	1
129	268	1
129	270	1
129	306	1
129	332	1
130	133	1
130	139	1
130	161	2
130	165	4
130	166	2
130	186	1
130	190	1
130	193	2
130	198	2
130	204	1
130	219	2
130	220	1
130	247	3
130	262	1
130	276	1
130	279	1
130	297	1
130	309	1
130	313	1
131	134	1
131	142	1
131	149	1
131	162	1
131	171	1
131	180	1
131	184	1
131	194	1
131	210	1
131	214	1
131	218	1
131	233	1
131	237	1
131	239	2
131	243	1
131	248	1
131	271	2
131	279	1
131	288	1
131	290	1
131	294	1
131	296	1
131	297	2
131	300	2
131	303	1
132	157	2
132	158	1
132	179	1
132	190	2
132	191	2
132	219	1
132	223	1
132	253	4
132	267	3
132	283	3
132	289	1
132	309	1
133	139	1
133	158	1
133	166	1
133	287	1
133	298	1
133	309	1
133	323	1
133	333	1
134	142	3
134	144	1
134	155	1
134	168	1
134	194	1
134	214	1
134	216	1
134	218	1
134	236	1
134	239	1
134	252	1
134	270	1
134	280	2
134	290	1
134	293	1
134	297	1
134	298	1
134	300	2
134	324	1
135	172	1
135	173	1
135	182	1
135	196	1
135	208	1
135	212	1
135	228	1
135	242	1
135	275	2
135	311	1
135	320	2
135	322	1
136	168	1
136	200	1
136	202	1
136	239	1
136	263	1
136	268	1
136	305	1
136	314	1
136	326	1
137	182	1
137	192	1
137	228	1
137	263	1
137	282	1
137	314	1
137	320	1
137	337	1
138	174	1
138	262	1
139	166	1
139	200	1
139	204	1
139	231	1
139	233	2
139	236	1
139	300	1
140	202	1
140	233	1
140	261	1
140	262	1
140	268	1
140	292	1
140	297	1
140	298	1
141	164	1
141	168	1
141	210	2
141	215	1
141	260	1
141	324	1
142	155	1
142	168	1
142	174	1
142	176	1
142	177	2
142	187	1
142	190	1
142	194	1
142	197	1
142	210	3
142	214	2
142	236	2
142	239	1
142	254	1
142	256	2
142	257	1
142	268	1
142	275	2
142	278	1
142	280	1
142	284	1
142	291	1
142	296	2
142	297	1
142	298	1
142	300	1
142	316	1
142	317	1
142	323	1
142	324	1
142	328	2
142	329	1
143	164	1
143	168	2
143	214	1
143	223	1
143	232	2
143	241	1
143	260	1
143	289	1
143	296	1
143	297	1
144	160	1
144	168	1
144	173	2
144	204	1
144	210	1
144	214	1
144	218	2
144	236	1
144	291	1
144	299	1
144	307	1
144	324	1
144	327	1
145	148	1
145	160	1
145	182	1
145	184	1
145	201	2
145	208	2
145	228	2
145	229	2
145	230	5
145	231	3
145	239	1
145	268	2
145	270	2
145	273	1
145	275	1
145	281	1
145	295	1
145	311	1
145	320	3
145	322	1
146	147	3
146	160	2
146	181	1
146	182	2
146	199	2
146	214	1
146	228	2
146	229	1
146	230	5
146	231	2
146	240	1
146	273	2
146	319	1
146	320	5
146	322	1
147	160	2
147	181	3
147	199	1
147	200	1
147	201	2
147	210	1
147	214	1
147	228	3
147	229	1
147	230	5
147	231	1
147	260	2
147	265	1
147	273	2
147	275	1
147	277	1
147	293	1
147	307	1
147	318	1
147	320	6
147	330	2
147	337	1
148	170	1
148	172	1
148	173	1
148	182	1
148	210	2
148	214	1
148	230	1
148	242	1
148	256	1
148	275	2
148	320	1
148	331	1
149	171	1
149	210	1
149	252	1
150	152	1
150	153	4
150	156	4
150	183	2
150	209	1
150	234	1
150	279	2
150	286	1
150	291	1
150	297	1
150	298	1
150	299	2
150	304	6
150	310	1
150	317	1
151	153	1
151	183	1
151	209	1
151	232	1
151	234	1
151	268	1
151	270	1
151	271	1
151	279	3
151	281	1
151	286	1
151	297	1
152	156	1
152	159	1
152	183	1
152	194	1
152	209	1
152	297	1
153	156	3
153	168	2
153	183	2
153	190	1
153	209	2
153	214	1
153	225	1
153	279	1
153	297	1
153	298	1
153	299	2
153	304	3
154	173	1
154	239	1
154	275	1
154	286	1
155	230	1
155	236	2
155	244	1
155	256	1
155	298	1
155	300	1
155	324	2
155	329	1
156	164	1
156	168	2
156	183	1
156	190	1
156	224	1
156	225	1
156	279	1
156	291	1
156	298	1
156	299	1
156	304	2
156	310	1
156	314	1
156	317	2
157	190	1
157	253	3
157	267	2
157	270	1
157	282	1
157	309	1
158	170	1
158	190	1
158	191	1
158	223	1
158	253	1
158	267	1
158	283	1
158	287	1
158	306	1
159	190	1
159	196	1
159	235	1
159	239	1
159	279	1
159	297	2
159	300	1
159	316	2
159	333	1
160	173	1
160	181	4
160	182	1
160	199	4
160	200	3
160	201	1
160	214	1
160	228	5
160	229	1
160	230	2
160	231	2
160	246	1
160	307	1
160	318	2
160	319	3
160	320	4
160	327	1
161	165	4
161	166	1
161	167	3
161	190	3
161	193	2
161	198	2
161	219	2
161	247	4
161	275	2
161	276	1
161	312	2
161	313	1
161	314	1
161	336	2
162	278	1
162	288	1
162	296	3
162	299	1
162	334	1
163	178	1
163	189	1
163	300	2
164	168	2
164	172	1
164	190	1
164	191	1
164	204	1
164	210	1
164	214	1
164	215	2
164	217	1
164	222	1
164	223	3
164	224	4
164	225	2
164	230	1
164	233	3
164	243	2
164	255	1
164	260	1
164	261	1
164	262	1
164	268	2
164	269	2
164	270	2
164	284	2
164	294	1
164	297	2
164	309	1
164	329	1
164	333	1
165	166	2
165	167	1
165	179	2
165	190	2
165	193	2
165	198	3
165	204	1
165	210	1
165	219	3
165	225	1
165	247	5
165	275	2
165	276	1
165	277	1
165	313	1
165	336	1
166	190	2
166	198	2
166	206	1
166	219	1
166	225	1
166	247	2
166	275	4
166	289	1
166	306	1
166	312	1
166	313	3
166	336	2
167	190	2
167	193	1
167	198	1
167	219	1
167	247	2
167	275	1
167	276	1
167	312	1
168	169	1
168	183	1
168	190	2
168	192	1
168	200	1
168	203	2
168	204	1
168	210	1
168	214	2
168	216	1
168	218	1
168	223	1
168	224	2
168	225	3
168	232	1
168	239	3
168	254	1
168	260	3
168	261	2
168	262	2
168	275	1
168	278	1
168	286	1
168	288	1
168	289	2
168	291	1
168	296	2
168	297	4
168	298	1
168	300	1
168	326	1
169	220	1
169	233	1
169	268	2
169	270	1
169	272	1
169	280	1
169	288	1
169	289	1
169	296	1
169	308	3
169	334	1
170	177	2
170	180	1
170	188	1
170	189	1
170	256	2
170	284	1
171	183	1
171	213	1
171	223	1
171	237	1
171	239	1
171	258	1
171	262	1
172	173	1
172	190	1
172	208	1
172	210	1
172	223	1
172	239	1
172	272	1
172	275	1
172	298	1
172	331	1
173	183	1
173	204	1
173	210	3
173	216	1
173	235	1
173	275	1
173	293	1
173	298	1
173	300	2
173	307	2
173	326	1
173	327	2
173	331	1
174	180	1
174	190	1
174	200	1
174	210	1
174	214	1
174	242	1
174	269	1
174	271	2
174	325	1
174	326	1
174	328	1
174	329	1
174	333	1
175	269	1
175	274	1
176	187	1
176	200	1
176	252	1
176	270	1
176	306	1
177	179	1
177	180	1
177	189	1
177	210	2
177	214	1
177	222	1
177	256	1
177	271	1
177	275	1
177	284	1
177	286	1
177	334	1
178	180	2
178	300	1
179	190	1
179	210	1
179	240	1
179	253	1
179	267	1
179	271	1
179	283	1
179	289	1
179	331	1
180	189	1
180	190	1
180	239	1
180	248	1
180	256	1
180	271	4
180	303	1
180	326	1
180	333	1
181	199	2
181	200	1
181	201	1
181	214	1
181	221	1
181	228	1
181	230	2
181	231	2
181	260	1
181	318	1
181	320	5
181	330	1
182	196	1
182	199	1
182	201	1
182	228	3
182	229	2
182	230	5
182	231	2
182	239	1
182	270	2
182	273	1
182	282	1
182	311	1
182	318	2
182	319	1
182	320	8
182	322	2
182	337	1
183	194	1
183	209	1
183	216	2
183	224	1
183	225	1
183	234	1
183	256	1
183	270	1
183	271	2
183	275	2
183	279	3
183	286	5
183	293	1
183	299	1
183	300	1
183	304	1
184	208	1
184	210	1
184	218	1
184	235	1
184	262	1
184	275	1
184	281	1
184	293	1
184	323	1
184	324	1
185	226	1
185	259	1
185	280	1
185	299	1
185	300	1
185	303	1
185	315	1
185	323	2
186	191	1
186	309	1
187	204	1
187	223	1
187	234	1
187	237	1
187	239	1
187	250	1
187	255	1
187	261	1
187	324	1
188	310	1
188	329	1
189	257	1
189	300	1
189	307	1
190	193	2
190	198	1
190	204	3
190	211	1
190	214	2
190	219	1
190	223	1
190	233	1
190	236	1
190	239	2
190	246	1
190	247	2
190	253	1
190	254	1
190	257	1
190	260	2
190	261	1
190	262	1
190	264	1
190	265	1
190	267	3
190	268	1
190	270	1
190	271	1
190	275	3
190	276	1
190	280	2
190	283	2
190	287	1
190	289	3
190	290	1
190	297	5
190	298	3
190	306	1
190	312	1
190	313	2
190	317	1
190	324	1
190	326	1
190	327	1
190	328	1
190	332	2
190	333	2
190	334	1
190	335	1
190	336	1
191	210	1
191	214	2
191	219	1
191	223	1
191	253	1
191	265	1
191	267	1
191	270	1
191	271	2
191	275	1
191	281	1
191	283	1
191	289	1
191	293	1
191	297	2
191	309	1
191	329	2
192	196	1
192	212	1
192	231	1
192	239	1
192	263	1
192	273	1
192	278	1
192	314	1
192	320	1
193	198	1
193	205	1
193	206	1
193	210	1
193	241	1
193	247	1
193	275	1
193	276	1
193	312	2
193	313	1
193	315	1
193	329	1
194	216	1
194	260	1
194	280	1
194	300	1
194	302	1
195	240	1
196	212	1
196	217	1
196	231	1
196	237	1
196	239	1
196	273	1
196	311	1
196	320	2
196	322	1
197	296	1
197	326	1
197	328	1
198	219	2
198	225	1
198	247	4
198	275	1
198	276	1
198	312	1
199	214	1
199	228	2
199	230	2
199	231	1
199	318	1
199	319	1
199	320	2
200	201	1
200	210	1
200	214	1
200	228	1
200	231	1
200	239	1
200	242	1
200	300	1
200	319	1
200	320	2
200	325	1
200	326	1
201	228	5
201	230	5
201	231	4
201	260	2
201	270	2
201	273	1
201	293	1
201	300	1
201	307	1
201	311	1
201	318	1
201	319	1
201	320	6
201	322	1
201	330	2
201	337	1
202	210	1
202	241	1
202	246	1
202	271	2
202	275	2
202	294	1
202	297	2
202	300	1
203	204	1
203	232	1
203	260	1
203	281	1
203	298	1
204	223	2
204	232	1
204	233	2
204	239	1
204	256	1
204	260	2
204	261	1
204	262	1
204	268	1
204	276	1
204	281	1
204	290	1
204	291	1
204	295	1
204	297	2
204	298	2
204	306	1
205	206	1
205	208	1
205	213	1
205	221	1
205	245	1
205	258	1
205	268	1
205	275	2
205	303	1
205	332	1
206	248	1
206	275	3
206	276	1
206	312	1
207	270	1
207	284	1
207	297	1
208	210	2
208	239	1
208	244	1
208	245	1
208	246	1
208	257	1
208	260	1
208	275	2
208	281	1
208	293	1
208	295	1
208	327	1
208	330	1
208	332	1
209	217	1
209	234	1
209	279	2
209	293	1
209	297	1
210	211	1
210	214	1
210	227	1
210	235	1
210	239	3
210	242	2
210	243	1
210	252	1
210	256	1
210	259	1
210	268	1
210	269	2
210	271	4
210	275	6
210	278	1
210	284	1
210	286	1
210	293	1
210	294	1
210	297	5
210	298	2
210	299	1
210	300	3
210	315	1
210	324	5
210	325	1
210	326	1
210	327	1
210	329	1
210	331	2
210	333	1
211	218	1
211	236	1
211	246	2
211	260	1
211	297	1
211	329	1
212	231	1
212	273	1
212	311	1
212	320	1
213	221	1
213	237	1
213	245	1
213	258	2
213	262	1
213	264	1
213	298	1
213	324	1
214	218	1
214	221	1
214	222	8
214	223	1
214	228	1
214	231	1
214	233	1
214	235	1
214	236	1
214	239	1
214	240	1
214	242	1
214	251	1
214	254	2
214	260	3
214	265	3
214	268	3
214	269	1
214	275	4
214	277	1
214	280	4
214	281	2
214	285	8
214	287	1
214	288	1
214	289	1
214	290	1
214	291	1
214	292	1
214	296	1
214	297	2
214	298	1
214	299	1
214	300	1
214	302	8
214	303	1
214	317	1
214	319	1
214	320	1
214	324	3
214	325	1
214	326	1
214	329	3
214	330	1
214	333	1
214	334	1
215	222	4
216	224	1
216	225	1
216	260	2
216	275	2
216	286	1
216	293	1
216	300	1
216	302	1
217	237	1
217	293	1
218	233	1
218	236	2
218	237	1
218	246	1
218	275	1
218	329	1
219	247	3
219	275	1
220	233	1
220	250	1
220	275	1
220	276	1
220	289	1
220	297	1
220	308	1
220	323	1
221	231	1
221	245	2
221	258	1
221	301	1
221	315	1
221	320	1
222	249	1
222	250	1
222	268	1
222	277	1
222	285	9
222	302	9
223	239	1
223	253	1
223	267	1
223	268	1
223	283	1
224	225	2
224	233	2
224	275	1
224	286	1
224	297	1
225	247	1
225	275	2
225	286	1
225	297	1
226	251	1
226	256	1
226	268	1
226	303	1
226	315	1
227	231	1
227	242	1
227	292	1
227	331	1
228	229	5
228	230	4
228	231	6
228	239	1
228	242	1
228	245	1
228	246	1
228	260	1
228	268	1
228	270	2
228	273	2
228	275	1
228	282	2
228	293	2
228	307	1
228	318	2
228	319	4
228	320	10
228	322	1
228	330	1
228	337	2
229	230	3
229	231	4
229	239	1
229	245	1
229	246	1
229	268	3
229	270	2
229	273	2
229	282	2
229	297	1
229	318	1
229	319	1
229	320	4
229	322	1
230	231	6
230	244	1
230	260	2
230	268	3
230	270	2
230	273	3
230	275	1
230	293	1
230	307	1
230	311	1
230	318	2
230	320	13
230	322	2
230	323	1
230	329	1
230	330	2
230	337	1
231	245	1
231	268	2
231	270	2
231	273	3
231	282	1
231	293	1
231	297	1
231	311	1
231	320	11
231	322	2
232	241	1
232	260	1
232	281	1
232	289	1
232	296	1
232	297	2
232	298	1
233	237	1
233	260	1
233	268	1
233	270	3
233	271	1
233	275	1
233	280	1
233	289	1
233	292	2
233	297	3
233	308	1
234	237	1
234	239	1
234	250	1
234	255	1
234	261	1
234	270	1
234	271	1
234	279	5
234	286	1
235	280	1
235	298	1
235	300	1
235	324	1
236	246	1
236	249	1
236	257	2
236	268	1
236	270	1
236	298	1
236	324	2
236	328	1
236	329	2
237	239	1
237	250	1
237	255	1
237	258	1
237	261	1
237	262	1
238	255	1
238	274	1
238	316	1
239	243	1
239	250	1
239	251	1
239	255	1
239	261	2
239	262	1
239	263	1
239	268	1
239	270	1
239	271	1
239	272	1
239	275	3
239	278	2
239	280	1
239	286	1
239	287	1
239	289	1
239	293	1
239	294	1
239	295	1
239	297	2
239	298	1
239	318	1
239	324	1
239	326	1
240	243	1
240	260	1
240	271	1
240	290	1
240	329	1
240	330	1
240	333	1
241	271	1
241	275	1
242	275	2
242	320	1
242	325	1
242	334	1
243	269	1
243	271	1
243	291	1
243	294	1
243	296	1
243	297	1
244	245	2
244	246	1
244	257	1
244	260	1
244	277	1
244	293	2
244	323	1
244	329	1
244	330	2
245	246	1
245	257	1
245	258	1
245	260	1
245	262	1
245	273	1
245	282	1
245	293	1
245	303	1
245	320	1
245	322	1
245	323	1
245	330	1
246	257	1
246	260	2
246	271	1
246	275	1
246	294	1
246	297	1
246	319	1
246	329	2
246	330	1
247	275	2
247	276	1
247	279	2
247	312	1
247	321	1
247	336	1
248	271	1
248	288	1
248	303	1
249	250	3
249	257	1
249	329	1
250	255	1
250	257	1
250	261	1
250	275	1
250	316	1
251	256	2
251	268	3
251	299	1
251	316	1
251	323	1
252	259	1
252	270	1
252	286	1
252	306	1
253	267	3
253	283	2
253	289	1
253	309	1
254	265	1
254	281	1
254	291	1
254	296	1
254	297	1
254	329	1
254	332	1
255	261	1
255	275	1
255	294	1
256	268	2
256	271	1
256	275	3
256	278	1
256	286	2
256	299	1
256	323	1
257	260	1
257	268	1
257	270	1
257	303	1
257	316	1
257	328	1
257	330	1
258	262	1
258	297	1
259	299	1
259	300	1
259	315	1
259	323	1
260	268	1
260	269	1
260	275	3
260	280	1
260	289	1
260	295	1
260	296	1
260	297	3
260	298	1
260	300	1
260	301	1
260	302	1
260	305	1
260	307	1
260	318	1
260	320	1
260	324	2
260	329	2
260	330	5
260	333	1
260	337	1
261	262	3
261	268	1
261	289	1
261	298	1
261	318	1
261	337	1
262	268	1
262	293	1
262	309	1
262	323	1
263	287	1
263	293	1
263	305	1
263	314	1
264	275	1
264	297	1
264	299	1
264	324	1
265	275	1
265	277	1
265	281	2
265	296	1
265	329	1
266	335	1
267	283	3
267	289	1
268	269	1
268	270	2
268	272	1
268	275	2
268	278	1
268	280	1
268	281	1
268	289	1
268	292	1
268	297	1
268	299	1
268	300	1
268	303	2
268	308	1
268	311	1
268	314	1
268	316	1
268	320	1
268	329	1
269	271	2
269	284	1
269	286	1
269	303	1
269	333	1
270	271	3
270	275	2
270	279	1
270	282	1
270	284	1
270	286	1
270	293	1
270	297	4
270	300	1
270	306	1
270	318	1
270	320	2
271	275	8
271	279	2
271	284	1
271	286	3
271	289	1
271	294	2
271	297	3
271	300	1
271	303	1
271	305	1
271	326	1
271	333	2
272	275	1
272	308	1
273	293	1
273	311	1
273	320	6
273	322	3
273	324	1
274	275	1
274	321	1
275	276	1
275	277	1
275	278	1
275	279	2
275	281	1
275	284	2
275	286	5
275	289	1
275	294	1
275	297	2
275	298	1
275	299	1
275	302	1
275	305	1
275	312	2
275	313	1
275	314	1
275	320	1
275	321	1
275	323	1
275	326	1
275	333	2
275	336	1
276	297	1
276	312	1
277	293	1
277	294	1
277	330	1
278	296	1
278	299	1
279	284	2
279	286	2
279	291	1
279	297	2
279	308	1
279	310	1
279	317	1
279	321	1
280	288	1
280	289	1
280	292	1
280	296	1
280	298	1
280	299	1
280	300	1
280	303	1
280	323	1
280	334	1
281	284	1
281	298	1
281	329	2
281	330	1
282	297	1
282	320	2
282	337	1
283	289	1
284	286	1
284	297	1
284	308	1
284	325	1
284	333	3
285	302	9
286	297	1
286	302	1
286	333	1
287	288	1
287	293	1
288	296	2
288	297	1
288	300	1
288	334	1
289	292	1
289	296	1
289	297	1
289	298	1
289	299	1
289	308	1
289	313	1
289	336	1
290	300	1
290	310	1
291	296	2
291	310	1
291	317	1
292	294	1
292	297	1
292	299	1
292	331	1
293	300	2
293	320	2
293	323	2
293	330	1
294	297	1
295	297	1
295	303	1
296	297	1
296	299	1
296	307	1
296	334	1
297	300	2
297	302	1
297	303	1
297	304	1
297	305	1
297	308	1
297	317	1
297	324	2
297	332	1
298	300	1
298	304	1
298	324	2
298	333	1
299	300	1
299	303	1
299	304	2
299	315	1
299	323	2
299	324	1
300	301	1
300	311	1
300	315	1
300	316	1
300	323	1
300	324	1
300	328	1
301	305	1
301	315	1
302	329	1
303	315	1
303	323	1
306	313	1
306	336	1
307	318	1
307	327	1
307	330	1
307	337	1
309	329	1
310	317	1
311	320	2
311	322	2
312	314	1
312	336	1
313	336	2
314	317	1
314	336	1
315	323	1
315	329	1
317	324	1
317	327	1
318	330	1
318	337	2
320	322	4
320	330	1
320	337	1
324	327	2
324	329	1
325	329	1
326	328	1
326	333	1
328	329	1
329	330	2
329	333	2
330	333	1
330	337	1
334	335	1
