id	label	x	y	cluster	weight<Links>	weight<Total link strength>	weight<Documents>	weight<Citations>	weight<Norm. citations>	score<Avg. pub. year>	score<Avg. citations>	score<Avg. norm. citations>
197	brigham & womens hosp	-0.4301	-0.071	2	13	19	11	246	8.1756	2017.2727	22.3636	0.7432
203	brunel univ	0.1191	-0.6561	2	1	2	5	487	16.059	2009.2	97.4	3.2118
340	columbia univ	-0.3352	-0.6124	2	4	4	8	481	13.2953	2011.75	60.125	1.6619
415	delft univ technol	0.6458	0.5136	1	4	5	6	111	11.3041	2019.6667	18.5	1.884
447	duke univ	-0.2246	-0.4008	2	9	9	8	158	5.6135	2018.25	19.75	0.7017
448	dundalk inst technol	0.2153	-1.0069	5	0	0	9	88	5.6399	2015.6667	9.7778	0.6267
486	erasmus mc	0.8887	0.6348	1	2	3	5	71	7.8731	2020.6	14.2	1.5746
624	harvard med sch	-0.2286	-0.0294	2	10	18	14	168	12.3092	2021.5714	12	0.8792
626	harvard univ	-0.7959	0.0996	3	9	12	8	162	8.5245	2015.25	20.25	1.0656
676	hosp civils lyon	0.5787	-0.9104	6	0	0	5	91	5.3245	2015.4	18.2	1.0649
731	imperial coll london	-0.0025	0.3073	1	3	3	8	54	6.1458	2023.25	6.75	0.7682
752	inserm	-0.6202	-0.8344	4	1	2	5	65	4.6817	2018.2	13	0.9363
789	int federat med & biol engn ifmbe	0.5295	-0.5351	1	3	24	9	26	2.0015	2023	2.8889	0.2224
806	islamic azad univ	-1.1128	0.0348	7	0	0	5	40	5.5287	2018.8	8	1.1057
877	katholieke univ leuven	0.4665	0.3642	1	5	5	6	37	3.5982	2023.6667	6.1667	0.5997
897	king saud univ	0.1881	-0.0129	2	2	2	8	129	11.3667	2021.625	16.125	1.4208
982	lund univ	0.6335	0.871	1	1	1	8	93	9.3581	2019.375	11.625	1.1698
1006	mayo clin	-0.4122	0.3128	3	4	6	5	99	16.2448	2018.6	19.8	3.249
1037	medtronic plc	-0.6949	0.6404	3	2	2	7	101	6.1523	2021.4286	14.4286	0.8789
1062	minist hlth	-0.9223	0.317	3	3	4	8	80	5.0328	2019.375	10	0.6291
1081	monash univ	0.3655	0.9526	1	2	2	5	51	5.9408	2021.6	10.2	1.1882
1208	northwestern univ	-0.5189	-0.5055	2	10	11	6	248	15.4223	2014.5	41.3333	2.5704
1233	ohio state univ	-0.4265	-0.3299	2	11	14	7	80	9.1721	2018.1429	11.4286	1.3103
1247	oregon hlth & sci univ	-0.8051	-0.5572	2	5	5	6	36	4.0653	2019.8333	6	0.6776
1296	politecn milan	0.389	-0.0991	1	1	1	5	18	2.5492	2023.4	3.6	0.5098
1356	res & dev ctr bioengn bioirc	0.9657	-0.455	1	3	13	7	4	1.9728	2025	0.5714	0.2818
1366	rhein westfal th aachen	-0.0045	-0.4507	3	1	1	6	137	6.0479	2018.5	22.8333	1.008
1434	semmelweis univ	0.043	0.5296	1	4	5	6	687	24.8073	2021.5	114.5	4.1346
1453	shanghai jiao tong univ	-0.1302	0.7155	1	3	4	8	205	13.6556	2020.75	25.625	1.7069
1477	sichuan univ	-0.1976	1.0327	8	0	0	7	86	6.6885	2021.5714	12.2857	0.9555
1535	stanford univ	-0.7026	-0.3586	2	6	8	8	296	16.3428	2016.875	37	2.0428
1632	tsinghua univ	-0.1318	-0.7627	2	1	1	6	187	15.9133	2021.1667	31.1667	2.6522
1645	ucl	-0.0196	0.0151	2	6	10	17	353	26.8215	2021.5294	20.7647	1.5777
1666	univ alabama birmingham	-0.0777	-0.2131	2	10	10	5	32	1.4256	2015.8	6.4	0.2851
1673	univ auckland	1.1109	0.2174	1	1	1	5	134	8.7897	2020	26.8	1.7579
1686	univ bern	0.2632	0.4552	1	6	7	6	76	17.8675	2023.1667	12.6667	2.9779
1688	univ birmingham	0.1667	-0.2374	2	4	7	6	246	13.4132	2016.6667	41	2.2355
1697	univ british columbia	-0.2362	0.4273	3	4	4	5	308	15.1421	2021.4	61.6	3.0284
1707	univ calif san francisco	-0.6054	-0.0002	2	9	12	10	185	10.8058	2020.2	18.5	1.0806
1708	univ cambridge	0.3502	-0.7614	9	0	0	7	111	5.3759	2010	15.8571	0.768
1738	univ donja gorica	0.8326	-0.6626	1	3	11	5	4	1.9728	2025	0.8	0.3946
1761	univ florence	0.6331	-0.0363	1	4	4	7	127	7.6358	2018.7143	18.1429	1.0908
1782	univ hlth sci	0.9017	0.3732	10	0	0	5	84	7.4193	2022.4	16.8	1.4839
1804	univ houston	-0.5455	0.4722	3	1	5	17	113	7.9032	2022.7647	6.6471	0.4649
1833	univ leeds	0.2759	-0.4404	1	1	1	6	161	4.8244	2019.1667	26.8333	0.8041
1838	univ lille	-0.3769	-0.9524	4	1	2	5	60	4.3093	2021.6	12	0.8619
1857	univ malaya	-0.9563	0.5809	3	1	2	5	63	4.925	2023	12.6	0.985
1863	univ maryland	-0.2864	-0.2051	2	9	12	9	121	5.4966	2016.8889	13.4444	0.6107
1868	univ med ctr utrecht	0.676	0.2276	1	3	3	7	106	5.8003	2019	15.1429	0.8286
1870	univ med rostock	0.0773	0.9908	11	0	0	5	16	0.7629	2015.6	3.2	0.1526
1873	univ michigan	-0.2147	0.1613	3	11	11	6	72	5.2142	2018.3333	12	0.869
1875	univ minnesota	-0.9593	-0.2647	3	4	4	7	343	12.5828	2011.8571	49	1.7975
1902	univ oxford	0.1974	0.2142	1	6	7	8	119	10.1833	2022.875	14.875	1.2729
1917	univ penn	-0.5651	-0.2062	2	15	17	9	469	20.3039	2016.7778	52.1111	2.256
1922	univ pisa	0.8718	0.0605	1	2	2	6	53	4.6662	2023	8.8333	0.7777
1953	univ sarajevo	0.7202	-0.4533	1	7	39	17	61	5.2975	2023.4706	3.5882	0.3116
1960	univ shanghai sci & technol	-0.4462	0.8949	1	1	2	5	18	3.3599	2022.8	3.6	0.672
1963	univ siena	0.9471	-0.1811	1	6	6	5	27	3.7191	2021.4	5.4	0.7438
1999	univ toronto	-0.3581	0.6464	3	2	2	7	157	7.2461	2018.5714	22.4286	1.0352
2006	univ twente	0.4471	0.6379	1	4	4	5	99	5.2892	2018.8	19.8	1.0578
2009	univ utah	-0.7789	-0.1052	3	7	9	8	470	13.5438	2017.5	58.75	1.693
2018	univ warwick	0.4141	0.1396	1	9	9	9	253	15.3815	2020.3333	28.1111	1.7091
2032	univ york	0.1967	0.7099	1	3	3	5	187	11.3357	2017.6	37.4	2.2671
2043	us fda	-0.4466	0.119	3	13	24	67	1315	71.2924	2017.6716	19.6269	1.0641
2061	verlab ltd	0.4957	-0.3258	1	5	27	11	113	7.912	2022.0909	10.2727	0.7193
2063	verlab res inst biomed engn med devices & artific	0.6854	-0.2597	1	3	18	6	15	1.1547	2023	2.5	0.1925
2113	xi an jiao tong univ	-0.0726	-1.0423	12	0	0	5	25	2.0403	2022	5	0.4081
2127	yale univ	-0.6494	0.2659	3	8	9	5	418	17.7217	2019	83.6	3.5443
