*Vertices 337
6
7
14
13
6
7
4
5
6
9
4
31
11
5
6
4
4
8
4
5
8
5
17
4
5
7
10
4
4
4
10
5
40
4
13
5
4
10
6
13
20
7
6
9
6
4
4
4
9
10
5
4
9
7
4
4
4
6
17
4
8
50
5
12
11
5
6
8
4
6
7
5
4
5
6
7
12
5
8
8
4
4
15
4
8
7
5
4
9
6
9
6
8
6
9
5
17
6
7
4
5
7
4
31
10
4
17
28
6
4
17
11
27
22
4
4
4
4
7
18
7
5
13
6
9
28
7
4
4
10
13
7
7
11
6
5
4
4
7
4
4
20
4
7
10
8
11
7
5
15
5
4
13
4
5
9
5
5
8
12
8
5
4
25
11
9
4
28
8
7
4
5
13
7
5
7
12
4
9
9
6
13
11
10
5
4
5
4
5
36
11
7
9
6
6
4
4
4
4
8
9
7
4
20
6
4
4
9
6
43
4
5
5
45
6
6
4
5
4
4
4
17
11
5
5
4
4
18
11
24
17
4
15
6
5
9
5
5
29
8
8
5
5
7
10
6
8
5
5
8
5
8
5
4
4
17
9
5
4
22
6
9
4
4
6
4
5
36
8
26
27
4
7
4
59
5
5
4
16
10
10
7
4
11
9
12
7
7
9
6
4
7
18
5
4
11
51
16
12
24
5
12
11
6
5
4
6
4
5
4
5
4
4
4
5
8
4
5
4
28
4
4
11
20
4
5
5
5
25
7
4
4
9
6
5
4
5
