1	40	1
1	57	1
1	61	1
1	71	1
1	87	1
1	107	1
1	109	1
1	110	1
1	111	1
1	124	2
1	145	1
1	166	1
1	190	1
1	203	1
1	211	1
1	219	2
1	237	1
1	243	1
1	256	1
1	257	1
1	276	1
1	296	1
1	297	1
1	311	1
1	320	1
2	4	1
2	34	1
2	43	1
2	45	1
2	61	1
2	62	1
2	67	1
2	74	1
2	105	1
2	114	1
2	154	1
2	157	1
2	162	1
2	166	1
2	188	1
2	222	1
2	223	1
2	236	1
2	242	1
2	268	1
2	272	1
2	275	1
2	291	2
2	326	1
3	19	1
3	30	2
3	61	1
3	63	1
3	91	1
3	96	1
3	97	4
3	116	2
3	128	1
3	159	5
3	163	3
3	164	6
3	165	3
3	188	3
3	191	2
3	196	3
3	204	2
3	217	1
3	223	1
3	245	4
3	273	6
3	274	2
3	287	1
3	308	4
3	309	2
3	310	1
3	332	3
4	9	1
4	10	1
4	32	1
4	35	1
4	37	1
4	45	1
4	61	1
4	69	1
4	70	1
4	74	1
4	76	1
4	85	1
4	87	1
4	88	1
4	95	1
4	103	1
4	110	1
4	111	1
4	118	1
4	120	1
4	133	1
4	145	1
4	151	1
4	153	1
4	170	1
4	200	1
4	206	1
4	208	3
4	218	1
4	244	1
4	269	3
4	273	4
4	275	1
4	291	1
4	292	2
4	296	1
4	301	1
4	319	1
5	8	1
5	22	1
5	27	1
5	55	1
5	63	1
5	102	1
5	112	1
5	118	1
5	132	1
5	167	2
5	212	2
5	218	1
5	231	1
5	246	1
5	266	2
5	277	1
5	278	2
5	282	1
5	286	1
5	287	2
5	290	1
5	295	1
5	304	2
6	12	1
6	13	2
6	34	1
6	52	1
6	64	1
6	82	1
6	102	1
6	144	1
6	145	1
6	162	1
6	188	1
6	195	1
6	202	3
6	221	1
6	227	1
6	228	1
6	268	1
6	271	1
6	282	1
6	301	1
6	316	1
7	13	1
7	21	1
7	88	1
7	102	1
7	106	1
7	158	1
7	162	1
7	175	1
7	191	1
7	222	1
7	231	1
7	254	1
7	284	1
7	325	1
8	57	1
8	106	1
8	109	1
8	118	2
8	119	1
8	140	1
8	166	1
8	167	1
8	195	1
8	266	1
8	294	1
9	21	1
9	31	1
9	35	1
9	48	1
9	61	1
9	89	1
9	124	1
9	143	1
9	146	1
9	170	1
9	188	1
9	208	2
9	240	1
9	273	1
9	291	1
10	32	2
10	43	1
10	67	1
10	70	1
10	82	1
10	87	1
10	88	1
10	95	1
10	106	1
10	109	2
10	126	1
10	157	1
10	249	1
10	255	1
10	266	1
10	273	1
10	296	1
10	299	1
10	312	2
11	12	1
11	22	1
11	24	1
11	26	1
11	41	1
11	103	1
11	118	1
11	148	1
11	151	2
11	166	1
11	188	1
11	223	1
11	262	1
11	295	1
11	300	1
12	13	3
12	26	1
12	27	1
12	31	1
12	39	1
12	40	1
12	45	1
12	46	1
12	55	2
12	58	1
12	60	2
12	64	1
12	65	1
12	67	2
12	84	1
12	85	1
12	86	1
12	93	1
12	102	2
12	105	1
12	106	1
12	112	2
12	118	3
12	120	1
12	121	1
12	123	1
12	140	1
12	151	1
12	162	8
12	166	3
12	175	2
12	178	2
12	181	1
12	202	1
12	208	2
12	210	1
12	212	1
12	213	2
12	214	2
12	220	1
12	222	1
12	223	2
12	228	1
12	231	1
12	237	1
12	239	1
12	254	1
12	258	3
12	266	2
12	267	1
12	268	1
12	273	2
12	282	3
12	284	1
12	294	1
12	325	3
12	326	1
12	329	1
13	21	1
13	22	1
13	34	1
13	39	1
13	46	1
13	60	1
13	64	1
13	86	1
13	102	1
13	106	1
13	111	1
13	112	1
13	123	1
13	148	1
13	151	1
13	154	1
13	162	2
13	168	1
13	175	2
13	202	1
13	221	1
13	249	1
13	254	2
13	266	1
13	268	2
13	282	1
13	284	1
13	300	1
13	312	1
14	67	1
14	85	1
14	89	1
14	110	1
14	117	1
14	119	1
14	124	1
14	129	1
14	147	1
14	182	1
14	187	1
14	208	1
14	250	1
14	255	1
15	29	1
15	49	1
15	64	1
15	105	1
15	169	1
15	221	1
15	237	1
15	243	3
15	244	1
15	260	1
15	266	1
15	291	1
15	325	1
16	27	3
16	60	1
16	73	2
16	128	1
16	150	1
16	157	1
16	181	1
16	245	1
16	277	2
17	61	1
17	101	1
17	188	1
17	313	1
17	320	1
17	323	1
18	25	1
18	34	1
18	44	1
18	51	1
18	58	1
18	87	1
18	108	1
18	109	1
18	111	2
18	140	1
18	171	1
18	208	2
18	211	1
18	233	1
18	247	1
18	248	1
18	254	1
18	262	1
18	266	1
18	273	2
18	276	1
18	295	1
18	296	1
18	311	1
18	325	1
19	96	1
19	125	2
19	202	1
19	245	1
19	254	1
19	273	1
19	277	1
19	317	1
20	64	1
20	66	1
20	76	1
20	90	1
20	94	1
20	122	1
20	132	1
20	136	1
20	250	1
21	31	1
21	33	2
21	44	1
21	61	2
21	106	1
21	124	1
21	157	1
21	162	1
21	170	1
21	175	1
21	188	1
21	223	1
21	236	3
21	253	1
21	254	1
21	284	1
21	329	1
22	26	1
22	27	1
22	34	1
22	39	1
22	52	1
22	55	1
22	60	1
22	63	2
22	103	1
22	111	1
22	112	1
22	124	1
22	148	1
22	151	1
22	154	1
22	162	1
22	188	2
22	221	1
22	262	1
22	266	1
22	277	1
22	282	1
22	300	1
22	304	1
23	24	2
23	29	1
23	47	1
23	56	1
23	66	1
23	91	2
23	103	1
23	127	1
23	130	1
23	131	2
23	156	4
23	168	1
23	174	2
23	184	1
23	189	1
23	193	1
23	221	1
23	227	1
23	229	1
23	250	1
23	251	1
23	256	1
23	265	1
23	268	2
23	280	1
23	281	1
23	285	1
23	302	1
23	331	1
24	41	1
24	127	1
24	128	1
24	156	1
24	174	1
24	184	1
24	250	1
24	268	1
24	302	1
25	26	1
25	44	1
25	61	2
25	63	2
25	79	1
25	111	1
25	166	1
25	170	1
25	237	2
25	270	1
25	273	1
25	294	1
25	303	1
26	27	1
26	52	3
26	63	1
26	118	2
26	122	1
26	124	1
26	148	1
26	151	2
26	154	1
26	162	1
26	166	2
26	181	2
26	188	1
26	221	1
26	223	1
26	266	1
26	269	1
26	273	2
26	277	1
26	284	1
26	295	1
26	300	1
27	34	1
27	52	1
27	55	1
27	63	1
27	73	1
27	102	2
27	112	2
27	128	1
27	148	1
27	149	2
27	150	1
27	151	1
27	154	1
27	157	1
27	181	1
27	207	1
27	245	1
27	273	1
27	277	6
27	282	1
27	288	1
27	289	1
27	304	1
27	306	2
27	313	1
28	31	1
28	66	1
28	114	2
28	128	1
28	260	1
28	305	1
29	64	1
29	94	1
29	105	1
29	131	1
29	156	1
29	169	1
29	193	1
29	221	1
29	237	1
29	285	1
30	63	1
30	96	1
30	159	1
30	164	1
30	204	1
30	273	3
30	274	1
30	308	1
30	310	1
30	332	1
31	44	1
31	45	1
31	56	1
31	128	1
31	157	2
31	194	1
31	204	1
31	237	1
31	246	3
31	260	1
31	268	1
31	305	1
31	325	1
31	329	1
32	43	1
32	70	1
32	82	1
32	87	1
32	88	3
32	95	2
32	106	1
32	109	1
32	110	1
32	126	1
32	157	1
32	175	1
32	212	1
32	218	1
32	273	1
32	290	1
32	292	1
32	296	1
32	299	1
32	312	1
32	319	1
32	330	1
33	61	1
33	112	1
33	162	1
33	236	2
33	253	2
33	258	1
33	292	1
34	35	1
34	37	1
34	39	1
34	43	1
34	49	2
34	51	1
34	58	1
34	60	1
34	61	2
34	70	1
34	74	1
34	75	1
34	102	1
34	105	1
34	109	3
34	110	2
34	111	1
34	119	1
34	121	1
34	126	1
34	133	2
34	136	1
34	148	1
34	149	1
34	151	1
34	154	1
34	157	1
34	172	1
34	226	1
34	234	1
34	236	1
34	237	1
34	240	1
34	247	2
34	248	1
34	266	1
34	272	1
34	273	3
34	277	1
34	300	1
34	301	1
34	312	1
34	316	1
34	325	1
35	42	1
35	49	1
35	74	1
35	89	1
35	95	1
35	111	1
35	120	1
35	143	1
35	200	1
35	218	1
35	244	1
35	247	1
35	248	2
35	255	1
35	269	1
35	273	1
35	292	1
36	66	1
36	123	2
36	130	1
36	155	1
36	177	1
36	188	3
36	251	1
36	265	2
36	268	1
36	281	1
36	287	1
37	41	1
37	42	1
37	62	1
37	76	1
37	78	1
37	118	1
37	133	2
37	170	1
37	179	1
37	206	1
37	210	1
37	212	1
37	219	1
37	228	1
37	229	1
37	242	1
37	243	2
37	250	1
37	273	2
37	299	1
37	316	2
37	319	2
38	47	1
38	52	1
38	61	1
38	102	1
38	140	2
38	166	1
38	167	1
38	174	1
38	185	1
38	212	2
38	252	1
38	278	1
38	285	1
38	286	3
38	289	1
38	294	2
38	330	1
39	40	1
39	60	1
39	64	1
39	72	1
39	76	1
39	87	1
39	102	1
39	109	1
39	111	1
39	112	2
39	117	1
39	123	1
39	130	1
39	148	2
39	151	2
39	154	1
39	162	1
39	181	1
39	189	1
39	207	1
39	208	1
39	212	1
39	252	1
39	263	1
39	266	1
39	269	1
39	272	1
39	273	2
39	279	1
39	284	1
39	298	1
39	300	1
39	303	1
39	317	1
39	325	1
40	48	1
40	54	1
40	56	2
40	57	1
40	61	1
40	64	1
40	80	1
40	93	1
40	102	1
40	111	1
40	112	1
40	121	1
40	139	1
40	145	1
40	161	1
40	162	2
40	171	1
40	187	1
40	208	1
40	213	5
40	220	3
40	225	1
40	231	2
40	240	1
40	248	1
40	268	2
40	269	2
40	273	3
40	284	1
40	290	1
40	296	1
40	298	1
41	43	1
41	88	1
41	109	1
41	140	1
41	208	1
41	250	1
42	243	1
42	247	1
42	248	1
42	255	1
42	291	1
42	299	1
42	319	1
43	59	1
43	61	1
43	87	1
43	89	1
43	102	1
43	107	1
43	109	2
43	126	1
43	140	1
43	157	1
43	236	1
43	272	1
43	296	1
43	312	2
43	325	1
44	61	1
44	62	1
44	157	1
44	185	1
44	232	1
44	234	1
44	235	1
44	237	1
44	248	1
44	253	1
44	255	1
44	259	1
44	266	1
44	268	1
44	293	1
44	329	1
45	74	1
45	105	1
45	203	1
45	273	1
45	291	1
45	317	1
45	325	1
46	55	1
46	168	1
46	254	1
46	266	1
46	321	1
46	325	1
47	167	1
47	184	1
47	189	1
47	193	1
47	261	1
47	278	1
47	286	1
47	294	1
47	301	1
47	330	1
48	79	1
48	102	1
48	112	1
48	133	1
48	208	2
48	209	1
48	210	1
48	237	1
48	258	1
48	287	1
48	291	1
49	69	1
49	74	3
49	75	3
49	103	1
49	106	2
49	109	1
49	110	1
49	118	1
49	121	1
49	124	1
49	127	1
49	135	1
49	138	1
49	182	1
49	203	1
49	206	1
49	234	1
49	243	1
49	247	1
49	260	2
49	291	1
49	319	1
49	325	1
49	328	1
49	333	1
50	71	1
50	78	1
50	79	1
50	106	1
50	124	1
50	129	1
50	160	2
50	166	1
50	183	1
50	201	1
50	240	1
50	258	1
50	278	1
50	286	1
50	294	1
50	299	1
50	319	1
50	330	1
51	58	1
51	77	1
51	109	1
51	112	1
51	183	1
51	237	2
51	247	1
51	248	1
51	257	1
51	295	1
51	296	1
51	311	1
51	319	1
52	63	1
52	112	1
52	118	1
52	122	1
52	124	1
52	135	1
52	148	1
52	151	1
52	154	1
52	162	1
52	180	1
52	181	1
52	188	1
52	202	1
52	212	1
52	221	1
52	226	2
52	227	1
52	255	1
52	266	1
52	273	1
52	280	2
52	285	1
52	286	1
52	295	1
52	299	1
52	300	1
52	316	2
52	333	1
53	61	1
53	64	1
53	106	1
53	112	1
53	124	1
53	137	1
53	167	1
53	180	1
53	188	1
53	193	1
53	212	1
53	226	1
53	227	1
53	229	1
53	231	1
53	237	1
53	263	1
53	266	1
53	268	1
53	278	1
53	294	1
53	314	1
54	79	1
54	93	1
54	117	1
54	191	1
54	268	1
54	269	1
55	58	1
55	63	1
55	85	1
55	93	1
55	102	1
55	112	1
55	120	1
55	123	1
55	162	1
55	205	1
55	208	1
55	266	1
55	267	1
55	268	1
55	277	1
55	282	2
55	304	1
55	329	1
56	57	1
56	248	1
56	273	1
57	59	1
57	87	1
57	109	1
57	110	2
57	129	1
57	140	1
57	195	1
57	237	1
57	257	1
57	294	1
58	63	1
58	74	1
58	77	1
58	84	1
58	85	1
58	93	2
58	100	2
58	102	1
58	109	1
58	110	1
58	111	1
58	112	2
58	120	1
58	123	2
58	132	2
58	138	1
58	140	1
58	162	1
58	166	1
58	167	2
58	188	2
58	208	1
58	212	1
58	214	1
58	231	2
58	234	1
58	247	1
58	248	1
58	255	1
58	266	1
58	267	1
58	268	1
58	270	1
58	278	1
58	282	1
58	290	1
58	299	1
58	304	1
58	317	1
58	322	1
58	324	1
58	329	1
59	87	1
59	89	1
59	102	1
59	110	1
59	119	1
59	124	1
59	140	2
59	212	1
59	237	1
59	266	1
59	267	1
59	299	1
59	312	1
60	73	1
60	106	1
60	111	1
60	123	1
60	148	1
60	151	1
60	154	1
60	162	4
60	170	1
60	189	1
60	202	1
60	221	1
60	228	1
60	231	1
60	258	1
60	266	1
60	300	1
60	305	1
60	307	1
60	325	1
61	63	1
61	76	1
61	83	1
61	90	1
61	99	1
61	101	1
61	102	2
61	105	1
61	106	1
61	110	1
61	111	5
61	115	1
61	118	1
61	121	2
61	124	1
61	128	1
61	129	1
61	132	1
61	136	1
61	137	2
61	139	2
61	140	4
61	145	1
61	146	1
61	153	3
61	162	2
61	163	1
61	164	1
61	166	1
61	170	1
61	172	3
61	178	1
61	182	1
61	188	3
61	196	1
61	200	1
61	201	1
61	202	3
61	206	1
61	208	5
61	211	1
61	212	4
61	223	2
61	225	1
61	229	1
61	230	1
61	231	1
61	233	1
61	234	2
61	236	2
61	237	2
61	239	1
61	240	1
61	241	1
61	242	1
61	243	1
61	244	1
61	245	1
61	252	2
61	253	1
61	255	1
61	258	2
61	259	1
61	260	1
61	262	1
61	263	1
61	269	1
61	270	1
61	272	1
61	273	3
61	277	1
61	279	1
61	282	1
61	287	1
61	289	2
61	294	3
61	296	1
61	320	10
61	322	1
61	323	1
61	324	1
61	325	3
61	326	1
61	328	1
61	329	2
62	80	1
62	105	1
62	114	1
62	185	1
62	232	1
62	235	1
62	237	1
62	242	1
62	243	1
62	248	1
62	250	1
62	253	1
62	259	1
62	271	1
62	319	1
62	320	1
63	79	1
63	84	1
63	91	1
63	96	1
63	101	1
63	111	1
63	112	1
63	115	1
63	124	1
63	146	1
63	159	1
63	162	1
63	170	1
63	182	1
63	188	1
63	200	1
63	212	1
63	221	1
63	237	1
63	258	1
63	266	1
63	270	1
63	273	2
63	277	1
63	279	1
63	282	2
63	294	1
63	297	1
63	301	1
63	303	1
63	304	1
63	308	1
63	310	1
63	320	1
63	332	1
64	67	1
64	68	1
64	102	1
64	105	2
64	112	1
64	132	1
64	162	1
64	169	1
64	202	1
64	221	2
64	228	1
64	237	1
64	243	1
64	250	1
64	266	1
64	273	1
64	280	1
64	284	1
64	298	1
65	74	1
65	178	1
65	215	1
65	239	1
65	254	1
65	266	1
66	91	1
66	109	1
66	114	1
66	119	1
66	129	1
66	132	1
66	140	1
66	142	1
66	188	1
66	192	1
66	268	2
66	296	1
67	109	1
67	110	1
67	119	1
67	140	1
67	162	2
67	175	1
67	187	1
67	215	1
67	242	1
67	254	1
67	255	1
67	275	1
67	282	1
67	291	1
67	296	1
67	326	1
68	99	1
68	105	1
68	212	1
68	224	1
68	228	1
68	299	1
68	311	1
69	104	1
69	118	1
69	134	1
69	135	3
69	151	1
69	190	1
69	261	1
69	266	1
69	310	2
70	75	3
70	79	1
70	88	1
70	95	1
70	102	1
70	105	1
70	109	3
70	110	1
70	119	1
70	126	1
70	175	1
70	212	1
70	249	1
70	254	1
70	273	1
70	295	1
70	319	1
70	330	1
71	76	1
71	87	1
71	124	2
71	159	1
71	183	1
71	203	1
71	211	1
71	219	1
71	243	1
71	250	1
71	256	2
71	278	1
71	284	1
71	299	1
71	319	1
72	102	2
72	117	1
72	189	1
72	212	2
72	252	1
72	263	2
72	279	1
72	325	1
73	80	1
73	126	1
73	128	1
73	157	1
73	212	1
73	220	1
73	245	1
73	277	2
73	283	1
73	297	1
73	298	1
74	75	1
74	106	1
74	110	1
74	124	1
74	140	1
74	182	1
74	188	1
74	234	1
74	255	1
74	260	1
74	266	1
74	291	2
74	319	1
74	324	1
75	79	1
75	102	1
75	103	1
75	106	1
75	108	1
75	109	2
75	110	2
75	119	1
75	126	1
75	127	1
75	137	1
75	182	1
75	203	1
75	206	1
75	234	1
75	249	1
75	254	1
75	260	1
75	291	1
75	295	1
75	319	2
75	328	1
76	109	1
76	111	1
76	133	2
76	140	2
76	159	1
76	170	1
76	180	1
76	182	1
76	187	1
76	189	1
76	194	1
76	199	1
76	206	1
76	208	2
76	212	1
76	226	1
76	238	1
76	258	1
76	269	1
76	303	1
76	307	1
76	316	2
76	318	1
76	325	1
76	326	1
76	329	1
77	79	1
77	119	1
77	123	1
77	138	1
77	183	1
77	228	1
77	231	1
77	257	1
77	258	1
77	273	2
77	290	1
77	295	1
77	296	1
77	311	1
77	319	1
78	127	1
78	131	1
78	144	1
78	166	1
78	188	1
78	194	1
78	201	1
78	212	1
78	215	1
78	235	1
78	238	1
78	258	1
78	273	2
78	285	1
79	106	1
79	117	2
79	119	1
79	129	1
79	160	1
79	191	1
79	192	1
79	294	1
79	303	1
80	162	1
80	213	1
80	220	1
80	250	1
80	284	1
80	297	1
81	98	1
81	147	1
81	205	2
82	88	1
82	106	1
82	144	1
82	145	1
82	227	1
82	228	1
82	271	1
82	296	1
82	299	1
82	316	1
83	85	1
83	102	1
83	111	1
83	121	1
83	142	2
83	158	1
83	171	1
83	208	4
83	237	2
83	266	1
83	295	1
83	303	1
83	320	3
83	323	1
83	325	1
84	105	1
84	111	1
84	118	1
84	120	1
84	129	1
84	166	1
84	181	1
84	200	1
84	208	1
84	212	1
84	214	1
84	222	1
84	223	1
84	237	1
84	241	1
84	266	1
84	269	1
84	273	1
84	284	1
84	292	1
84	296	1
84	307	1
84	322	1
85	89	1
85	93	1
85	102	1
85	118	1
85	120	1
85	123	1
85	129	1
85	145	1
85	162	1
85	182	1
85	208	4
85	237	1
85	267	1
85	282	1
85	329	1
86	106	2
86	112	1
86	161	1
86	176	1
86	203	1
86	210	1
86	266	1
86	296	1
86	299	1
86	307	1
87	88	1
87	89	1
87	102	2
87	109	2
87	110	3
87	140	2
87	181	1
87	208	1
87	218	1
87	250	1
87	254	2
87	257	1
87	266	2
87	273	2
87	276	1
87	284	2
87	312	1
87	319	1
88	95	1
88	106	1
88	107	1
88	110	1
88	158	1
88	175	1
88	212	1
88	218	1
88	273	1
88	299	1
88	319	1
88	330	1
89	102	1
89	104	2
89	129	1
89	140	1
89	143	1
89	182	1
89	208	1
89	212	2
89	266	1
89	268	1
89	312	1
90	94	1
90	103	1
90	121	2
90	122	2
90	139	1
90	146	1
90	170	1
90	171	2
90	200	1
90	208	3
90	220	1
90	239	1
90	266	1
90	269	1
90	273	2
90	322	1
90	327	1
91	116	1
91	118	1
91	152	1
91	163	1
91	164	1
91	184	1
91	188	1
91	202	1
91	237	1
91	258	1
91	268	1
91	273	2
91	274	1
91	284	1
91	297	1
91	301	1
91	305	1
91	331	1
92	124	1
92	134	1
92	166	1
92	173	1
92	198	1
92	212	1
92	220	1
92	237	2
92	249	1
92	272	1
92	275	1
92	290	1
92	322	1
93	100	5
93	102	1
93	111	1
93	112	1
93	118	1
93	120	1
93	123	1
93	162	1
93	167	2
93	208	1
93	258	1
93	266	1
93	267	2
93	268	3
93	269	2
93	270	1
93	273	1
93	282	2
93	284	1
93	286	1
93	304	1
93	329	2
94	122	1
94	193	3
94	198	1
95	105	1
95	106	1
95	107	1
95	140	1
95	173	1
95	175	2
95	176	1
95	182	1
95	183	1
95	208	1
95	212	1
95	216	1
95	218	1
95	224	2
95	248	1
95	249	1
95	254	3
95	255	2
95	264	1
95	266	1
95	269	1
95	273	4
95	290	1
95	292	1
95	312	1
95	330	1
96	102	1
96	124	1
96	125	1
96	128	1
96	131	1
96	153	1
96	159	1
96	163	1
96	191	2
96	239	1
96	254	1
96	273	1
96	308	1
96	310	1
96	329	1
96	332	1
97	124	1
97	125	2
97	128	2
97	159	4
97	163	3
97	164	3
97	165	1
97	188	3
97	191	2
97	196	2
97	217	1
97	245	3
97	273	1
97	274	1
97	287	1
97	302	1
97	308	1
97	309	3
97	332	3
98	125	1
98	171	1
98	202	1
98	205	1
99	113	1
99	130	1
99	188	1
99	189	1
99	202	1
99	217	1
99	252	1
99	328	1
100	102	1
100	111	1
100	112	1
100	118	1
100	120	1
100	167	2
100	231	2
100	266	1
100	268	4
100	270	1
100	286	1
100	304	1
101	188	1
101	273	1
101	279	1
101	282	1
101	329	1
102	109	1
102	110	2
102	111	3
102	112	1
102	117	1
102	119	1
102	120	2
102	123	1
102	124	3
102	126	1
102	129	2
102	140	2
102	141	1
102	142	2
102	145	1
102	148	1
102	149	1
102	151	1
102	153	1
102	154	1
102	158	1
102	162	2
102	166	1
102	167	1
102	171	2
102	174	1
102	185	1
102	188	2
102	189	2
102	191	1
102	192	1
102	202	1
102	207	1
102	208	1
102	212	5
102	218	1
102	221	1
102	230	1
102	231	3
102	233	1
102	237	1
102	250	1
102	252	1
102	254	1
102	257	1
102	258	2
102	263	3
102	267	1
102	268	1
102	273	1
102	275	1
102	277	2
102	278	1
102	279	2
102	282	1
102	287	3
102	289	1
102	290	1
102	294	1
102	303	1
102	304	1
102	306	1
102	312	1
102	313	1
102	323	1
102	325	2
102	329	1
103	110	1
103	122	1
103	146	1
103	148	1
103	170	1
103	171	1
103	174	1
103	188	2
103	192	1
103	208	1
103	262	1
103	263	1
103	275	1
103	278	1
103	292	1
103	296	1
103	300	1
103	327	1
104	109	1
104	110	1
104	118	1
104	129	1
104	134	1
104	212	2
104	216	1
104	231	1
104	235	1
104	266	2
104	310	1
105	106	1
105	109	1
105	110	1
105	111	1
105	114	1
105	118	1
105	121	1
105	136	1
105	143	1
105	146	2
105	152	1
105	160	1
105	166	1
105	168	1
105	169	1
105	172	1
105	181	1
105	182	1
105	190	1
105	206	1
105	208	1
105	214	1
105	216	1
105	221	1
105	222	1
105	223	1
105	224	1
105	237	2
105	243	1
105	254	1
105	273	2
105	280	1
105	284	1
105	293	1
105	299	1
105	311	1
105	317	1
105	330	1
106	118	1
106	123	1
106	124	2
106	137	2
106	138	1
106	160	3
106	161	1
106	162	1
106	166	1
106	169	1
106	171	1
106	175	1
106	176	1
106	181	1
106	182	3
106	202	1
106	210	1
106	211	2
106	214	1
106	216	1
106	228	1
106	229	1
106	231	1
106	233	1
106	235	1
106	237	1
106	254	1
106	256	1
106	258	1
106	260	2
106	262	1
106	273	1
106	276	2
106	284	1
106	291	2
106	293	1
106	294	2
106	295	1
106	296	3
106	299	2
106	307	1
106	319	1
106	320	2
106	324	1
106	330	1
107	124	1
107	140	1
107	175	1
107	208	1
107	269	1
107	273	1
107	296	1
107	320	1
108	111	1
108	137	1
108	166	1
108	234	1
108	254	1
108	262	1
108	273	1
108	295	1
109	110	3
109	111	1
109	118	2
109	119	3
109	121	1
109	126	2
109	129	1
109	140	2
109	142	1
109	157	1
109	208	1
109	209	1
109	216	2
109	231	1
109	234	2
109	235	1
109	244	1
109	247	2
109	248	1
109	249	1
109	254	1
109	257	1
109	266	1
109	295	1
109	296	1
109	312	1
109	319	1
109	325	2
110	112	1
110	118	1
110	119	2
110	126	1
110	129	1
110	132	1
110	136	1
110	140	1
110	172	1
110	187	1
110	188	1
110	216	1
110	218	1
110	231	1
110	234	1
110	235	1
110	237	1
110	255	2
110	257	1
110	273	1
110	288	1
110	319	1
110	324	1
111	112	1
111	117	1
111	118	1
111	120	1
111	121	3
111	122	1
111	124	2
111	129	2
111	140	2
111	146	1
111	148	1
111	151	1
111	154	1
111	167	1
111	170	1
111	172	2
111	178	1
111	182	1
111	186	1
111	188	2
111	200	1
111	206	2
111	208	5
111	211	1
111	219	1
111	231	1
111	237	2
111	241	1
111	244	1
111	262	1
111	266	2
111	267	1
111	269	4
111	270	2
111	273	5
111	277	1
111	290	1
111	291	1
111	292	2
111	295	2
111	296	1
111	297	1
111	299	1
111	300	1
111	304	1
111	311	1
111	319	1
111	320	1
111	322	1
111	323	1
111	329	1
112	129	1
112	132	1
112	145	1
112	148	1
112	151	1
112	154	1
112	157	1
112	162	1
112	166	1
112	167	1
112	169	1
112	181	1
112	188	2
112	208	1
112	209	1
112	212	3
112	231	1
112	232	1
112	233	1
112	237	1
112	255	1
112	258	1
112	263	1
112	266	1
112	270	1
112	273	2
112	275	1
112	277	2
112	278	1
112	282	1
112	284	1
112	288	3
112	295	1
112	296	1
112	298	1
112	299	1
112	300	1
112	304	2
112	306	1
113	130	1
113	185	1
113	188	1
113	189	1
113	202	1
113	217	1
113	221	1
113	328	1
115	139	1
115	182	1
115	208	2
115	320	2
115	321	1
116	153	1
116	164	2
116	188	1
116	228	1
116	242	1
116	273	1
116	309	1
116	325	1
117	129	1
117	191	1
117	206	1
117	208	2
117	212	1
117	252	1
117	263	1
117	273	2
117	279	1
117	325	1
117	331	1
118	119	1
118	122	1
118	124	1
118	129	2
118	135	1
118	145	1
118	148	1
118	151	2
118	154	1
118	158	1
118	160	1
118	166	2
118	167	1
118	174	1
118	179	1
118	181	2
118	188	1
118	198	2
118	199	1
118	208	1
118	209	1
118	212	2
118	214	1
118	216	1
118	219	1
118	222	1
118	223	2
118	226	1
118	229	1
118	231	1
118	235	1
118	244	1
118	258	1
118	266	1
118	273	2
118	277	1
118	284	1
118	286	1
118	294	1
118	295	1
118	300	1
118	315	1
118	316	1
119	124	1
119	126	1
119	140	1
119	142	1
119	187	1
119	255	1
120	123	1
120	162	1
120	177	1
120	200	1
120	208	1
120	231	1
120	244	1
120	267	1
120	268	1
120	269	1
120	273	1
120	282	1
120	292	1
120	327	1
120	329	1
121	122	1
121	139	1
121	146	1
121	166	1
121	171	2
121	185	1
121	206	1
121	208	5
121	233	1
121	234	1
121	247	1
121	258	1
121	266	1
121	273	2
121	278	1
121	296	1
121	320	2
121	322	1
121	325	1
122	146	1
122	148	1
122	151	1
122	154	1
122	158	1
122	170	1
122	171	1
122	180	1
122	181	1
122	197	1
122	206	1
122	208	2
122	228	1
122	273	1
122	295	1
122	300	1
122	314	1
122	327	1
123	130	1
123	138	1
123	155	1
123	162	2
123	188	1
123	189	1
123	208	1
123	231	1
123	253	1
123	265	1
123	267	1
123	273	1
123	282	1
123	290	1
123	293	1
123	299	1
123	305	1
123	325	1
123	329	1
124	129	1
124	131	1
124	132	1
124	136	1
124	140	1
124	142	2
124	144	1
124	145	2
124	147	1
124	151	1
124	152	1
124	158	1
124	160	2
124	162	1
124	164	1
124	166	2
124	170	1
124	171	2
124	179	1
124	183	1
124	188	3
124	197	1
124	203	1
124	208	1
124	211	1
124	212	3
124	216	1
124	219	1
124	221	1
124	226	1
124	228	1
124	237	2
124	243	1
124	249	1
124	250	1
124	256	1
124	260	1
124	261	1
124	263	1
124	266	1
124	271	1
124	273	1
124	276	1
124	278	1
124	285	1
124	286	1
124	291	3
124	294	3
124	295	1
124	296	2
124	299	1
124	302	1
124	309	1
124	316	2
124	319	1
124	320	1
124	329	1
124	332	1
125	128	1
125	159	1
125	163	2
125	188	1
125	191	1
125	245	1
125	273	1
125	275	1
125	277	1
125	309	1
125	317	1
126	148	1
126	157	2
126	232	1
126	277	2
126	296	1
126	312	1
127	138	1
127	174	1
127	203	1
127	206	1
127	250	1
127	259	1
127	260	1
127	266	1
127	268	1
127	302	1
127	328	1
128	131	1
128	137	1
128	159	2
128	163	4
128	164	2
128	184	1
128	188	1
128	191	2
128	196	2
128	202	1
128	217	2
128	218	1
128	245	3
128	260	1
128	274	1
128	277	1
128	305	1
128	309	1
129	132	1
129	140	1
129	147	1
129	160	1
129	169	1
129	178	1
129	182	1
129	192	1
129	208	1
129	212	1
129	216	1
129	231	1
129	235	1
129	237	2
129	241	1
129	246	1
129	269	2
129	277	1
129	286	1
129	288	1
129	292	1
129	294	1
129	296	2
129	299	1
130	155	2
130	156	1
130	177	1
130	188	2
130	189	2
130	217	1
130	221	1
130	251	4
130	265	3
130	281	3
130	287	1
130	305	1
131	137	1
131	156	1
131	164	1
131	285	1
131	305	1
131	319	1
131	329	1
132	140	3
132	142	1
132	153	1
132	166	1
132	192	1
132	212	1
132	214	1
132	216	1
132	234	1
132	237	1
132	250	1
132	268	1
132	278	2
132	288	1
132	291	1
132	296	2
132	320	1
133	170	1
133	171	1
133	180	1
133	194	1
133	206	1
133	210	1
133	226	1
133	240	1
133	273	2
133	307	1
133	316	2
133	318	1
134	166	1
134	198	1
134	200	1
134	237	1
134	261	1
134	266	1
134	301	1
134	310	1
134	322	1
135	180	1
135	190	1
135	226	1
135	261	1
135	280	1
135	310	1
135	316	1
135	333	1
136	172	1
136	260	1
137	164	1
137	198	1
137	202	1
137	229	1
137	231	2
137	234	1
137	296	1
138	200	1
138	231	1
138	259	1
138	260	1
138	266	1
138	290	1
139	162	1
139	166	1
139	208	2
139	213	1
139	258	1
139	320	1
140	153	1
140	166	1
140	172	1
140	174	1
140	175	2
140	185	1
140	188	1
140	192	1
140	195	1
140	208	3
140	212	2
140	234	2
140	237	1
140	252	1
140	254	2
140	255	1
140	266	1
140	273	2
140	276	1
140	278	1
140	282	1
140	289	1
140	294	2
140	296	1
140	312	1
140	313	1
140	319	1
140	320	1
140	324	2
140	325	1
141	162	1
141	166	2
141	212	1
141	221	1
141	230	2
141	239	1
141	258	1
141	287	1
141	294	1
142	158	1
142	166	1
142	171	2
142	202	1
142	208	1
142	212	1
142	216	2
142	234	1
142	289	1
142	295	1
142	303	1
142	320	1
142	323	1
143	146	1
143	158	1
143	180	1
143	182	1
143	199	2
143	206	2
143	226	2
143	227	2
143	228	5
143	229	3
143	237	1
143	266	2
143	268	2
143	271	1
143	273	1
143	279	1
143	293	1
143	307	1
143	316	3
143	318	1
144	145	3
144	158	2
144	179	1
144	180	2
144	197	2
144	212	1
144	226	2
144	227	1
144	228	5
144	229	2
144	238	1
144	271	2
144	315	1
144	316	5
144	318	1
145	158	2
145	179	3
145	197	1
145	198	1
145	199	2
145	208	1
145	212	1
145	226	3
145	227	1
145	228	5
145	229	1
145	258	2
145	263	1
145	271	2
145	273	1
145	275	1
145	291	1
145	303	1
145	314	1
145	316	6
145	326	2
145	333	1
146	168	1
146	170	1
146	171	1
146	180	1
146	208	2
146	212	1
146	228	1
146	240	1
146	254	1
146	273	2
146	316	1
146	327	1
147	169	1
147	208	1
147	250	1
148	150	1
148	151	4
148	154	4
148	181	2
148	207	1
148	232	1
148	277	2
148	284	1
148	289	1
148	295	2
148	300	6
148	306	1
148	313	1
149	151	1
149	181	1
149	207	1
149	230	1
149	232	1
149	266	1
149	268	1
149	269	1
149	277	3
149	279	1
149	284	1
150	154	1
150	157	1
150	181	1
150	192	1
150	207	1
151	154	3
151	166	2
151	181	2
151	188	1
151	207	2
151	212	1
151	223	1
151	277	1
151	295	2
151	300	3
152	171	1
152	237	1
152	273	1
152	284	1
153	228	1
153	234	2
153	242	1
153	254	1
153	296	1
153	320	2
153	325	1
154	162	1
154	166	2
154	181	1
154	188	1
154	222	1
154	223	1
154	277	1
154	289	1
154	295	1
154	300	2
154	306	1
154	310	1
154	313	2
155	188	1
155	251	3
155	265	2
155	268	1
155	280	1
155	305	1
156	168	1
156	188	1
156	189	1
156	221	1
156	251	1
156	265	1
156	281	1
156	285	1
156	302	1
157	188	1
157	194	1
157	233	1
157	237	1
157	277	1
157	296	1
157	312	2
157	329	1
158	171	1
158	179	4
158	180	1
158	197	4
158	198	3
158	199	1
158	212	1
158	226	5
158	227	1
158	228	2
158	229	2
158	244	1
158	303	1
158	314	2
158	315	3
158	316	4
158	323	1
159	163	4
159	164	1
159	165	3
159	188	3
159	191	2
159	196	2
159	217	2
159	245	4
159	273	2
159	274	1
159	308	2
159	309	1
159	310	1
159	332	2
160	276	1
160	286	1
160	294	3
160	295	1
160	330	1
161	176	1
161	187	1
161	296	2
162	166	2
162	170	1
162	188	1
162	189	1
162	202	1
162	208	1
162	212	1
162	213	2
162	215	1
162	220	1
162	221	3
162	222	4
162	223	2
162	228	1
162	231	3
162	241	2
162	253	1
162	258	1
162	259	1
162	260	1
162	266	2
162	267	2
162	268	2
162	282	2
162	292	1
162	305	1
162	325	1
162	329	1
163	164	2
163	165	1
163	177	2
163	188	2
163	191	2
163	196	3
163	202	1
163	208	1
163	217	3
163	223	1
163	245	5
163	273	2
163	274	1
163	275	1
163	309	1
163	332	1
164	188	2
164	196	2
164	204	1
164	217	1
164	223	1
164	245	2
164	273	4
164	287	1
164	302	1
164	308	1
164	309	3
164	332	2
165	188	2
165	191	1
165	196	1
165	217	1
165	245	2
165	273	1
165	274	1
165	308	1
166	167	1
166	181	1
166	188	2
166	190	1
166	198	1
166	201	2
166	202	1
166	208	1
166	212	2
166	214	1
166	216	1
166	221	1
166	222	2
166	223	3
166	230	1
166	237	3
166	252	1
166	258	3
166	259	2
166	260	2
166	273	1
166	276	1
166	284	1
166	286	1
166	287	2
166	289	1
166	294	2
166	296	1
166	322	1
167	218	1
167	231	1
167	266	2
167	268	1
167	270	1
167	278	1
167	286	1
167	287	1
167	294	1
167	304	3
167	330	1
168	175	2
168	178	1
168	186	1
168	187	1
168	254	2
168	282	1
169	181	1
169	211	1
169	221	1
169	235	1
169	237	1
169	256	1
169	260	1
170	171	1
170	188	1
170	206	1
170	208	1
170	221	1
170	237	1
170	270	1
170	273	1
170	327	1
171	181	1
171	202	1
171	208	3
171	214	1
171	233	1
171	273	1
171	291	1
171	296	2
171	303	2
171	322	1
171	323	2
171	327	1
172	178	1
172	188	1
172	198	1
172	208	1
172	212	1
172	240	1
172	267	1
172	269	2
172	321	1
172	322	1
172	324	1
172	325	1
172	329	1
173	267	1
173	272	1
174	185	1
174	198	1
174	250	1
174	268	1
174	302	1
175	177	1
175	178	1
175	187	1
175	208	2
175	212	1
175	220	1
175	254	1
175	269	1
175	273	1
175	282	1
175	284	1
175	330	1
176	178	2
176	296	1
177	188	1
177	208	1
177	238	1
177	251	1
177	265	1
177	269	1
177	281	1
177	287	1
177	327	1
178	187	1
178	188	1
178	237	1
178	246	1
178	254	1
178	269	4
178	299	1
178	322	1
178	329	1
179	197	2
179	198	1
179	199	1
179	212	1
179	219	1
179	226	1
179	228	2
179	229	2
179	258	1
179	314	1
179	316	5
179	326	1
180	194	1
180	197	1
180	199	1
180	226	3
180	227	2
180	228	5
180	229	2
180	237	1
180	268	2
180	271	1
180	280	1
180	307	1
180	314	2
180	315	1
180	316	8
180	318	2
180	333	1
181	192	1
181	207	1
181	214	2
181	222	1
181	223	1
181	232	1
181	254	1
181	268	1
181	269	2
181	273	2
181	277	3
181	284	5
181	291	1
181	295	1
181	296	1
181	300	1
182	206	1
182	208	1
182	216	1
182	233	1
182	260	1
182	273	1
182	279	1
182	291	1
182	319	1
182	320	1
183	224	1
183	257	1
183	278	1
183	295	1
183	296	1
183	299	1
183	311	1
183	319	2
184	189	1
184	305	1
185	202	1
185	221	1
185	232	1
185	235	1
185	237	1
185	248	1
185	253	1
185	259	1
185	320	1
186	306	1
186	325	1
187	255	1
187	296	1
187	303	1
188	191	2
188	196	1
188	202	3
188	209	1
188	212	2
188	217	1
188	221	1
188	231	1
188	234	1
188	237	2
188	244	1
188	245	2
188	251	1
188	252	1
188	255	1
188	258	2
188	259	1
188	260	1
188	262	1
188	263	1
188	265	3
188	266	1
188	268	1
188	269	1
188	273	3
188	274	1
188	278	2
188	281	2
188	285	1
188	287	3
188	288	1
188	302	1
188	308	1
188	309	2
188	313	1
188	320	1
188	322	1
188	323	1
188	324	1
188	328	2
188	329	2
188	330	1
188	331	1
188	332	1
189	208	1
189	212	2
189	217	1
189	221	1
189	251	1
189	263	1
189	265	1
189	268	1
189	269	2
189	273	1
189	279	1
189	281	1
189	287	1
189	291	1
189	305	1
189	325	2
190	194	1
190	210	1
190	229	1
190	237	1
190	261	1
190	271	1
190	276	1
190	310	1
190	316	1
191	196	1
191	203	1
191	204	1
191	208	1
191	239	1
191	245	1
191	273	1
191	274	1
191	308	2
191	309	1
191	311	1
191	325	1
192	214	1
192	258	1
192	278	1
192	296	1
192	298	1
193	238	1
194	210	1
194	215	1
194	229	1
194	235	1
194	237	1
194	271	1
194	307	1
194	316	2
194	318	1
195	294	1
195	322	1
195	324	1
196	217	2
196	223	1
196	245	4
196	273	1
196	274	1
196	308	1
197	212	1
197	226	2
197	228	2
197	229	1
197	314	1
197	315	1
197	316	2
198	199	1
198	208	1
198	212	1
198	226	1
198	229	1
198	237	1
198	240	1
198	296	1
198	315	1
198	316	2
198	321	1
198	322	1
199	226	5
199	228	5
199	229	4
199	258	2
199	268	2
199	271	1
199	291	1
199	296	1
199	303	1
199	307	1
199	314	1
199	315	1
199	316	6
199	318	1
199	326	2
199	333	1
200	208	1
200	239	1
200	244	1
200	269	2
200	273	2
200	292	1
200	296	1
201	202	1
201	230	1
201	258	1
201	279	1
202	221	2
202	230	1
202	231	2
202	237	1
202	254	1
202	258	2
202	259	1
202	260	1
202	266	1
202	274	1
202	279	1
202	288	1
202	289	1
202	293	1
202	302	1
203	204	1
203	206	1
203	211	1
203	219	1
203	243	1
203	256	1
203	266	1
203	273	2
203	299	1
203	328	1
204	246	1
204	273	3
204	274	1
204	308	1
205	268	1
205	282	1
206	208	2
206	237	1
206	242	1
206	243	1
206	244	1
206	255	1
206	258	1
206	273	2
206	279	1
206	291	1
206	293	1
206	323	1
206	326	1
206	328	1
207	215	1
207	232	1
207	277	2
207	291	1
208	209	1
208	212	1
208	225	1
208	233	1
208	237	3
208	240	2
208	241	1
208	250	1
208	254	1
208	257	1
208	266	1
208	267	2
208	269	4
208	273	6
208	276	1
208	282	1
208	284	1
208	291	1
208	292	1
208	295	1
208	296	3
208	311	1
208	320	5
208	321	1
208	322	1
208	323	1
208	325	1
208	327	2
208	329	1
209	216	1
209	234	1
209	244	2
209	258	1
209	325	1
210	229	1
210	271	1
210	307	1
210	316	1
211	219	1
211	235	1
211	243	1
211	256	2
211	260	1
211	262	1
211	320	1
212	216	1
212	219	1
212	220	8
212	221	1
212	226	1
212	229	1
212	231	1
212	233	1
212	234	1
212	237	1
212	238	1
212	240	1
212	249	1
212	252	2
212	258	3
212	263	3
212	266	3
212	267	1
212	273	4
212	275	1
212	278	4
212	279	2
212	283	8
212	285	1
212	286	1
212	287	1
212	288	1
212	289	1
212	290	1
212	294	1
212	295	1
212	296	1
212	298	8
212	299	1
212	313	1
212	315	1
212	316	1
212	320	3
212	321	1
212	322	1
212	325	3
212	326	1
212	329	1
212	330	1
213	220	4
214	222	1
214	223	1
214	258	2
214	273	2
214	284	1
214	291	1
214	296	1
214	298	1
215	235	1
215	291	1
216	231	1
216	234	2
216	235	1
216	244	1
216	273	1
216	325	1
217	245	3
217	273	1
218	231	1
218	248	1
218	273	1
218	274	1
218	287	1
218	304	1
218	319	1
219	229	1
219	243	2
219	256	1
219	297	1
219	311	1
219	316	1
220	247	1
220	248	1
220	266	1
220	275	1
220	283	9
220	298	9
221	237	1
221	251	1
221	265	1
221	266	1
221	281	1
222	223	2
222	231	2
222	273	1
222	284	1
223	245	1
223	273	2
223	284	1
224	249	1
224	254	1
224	266	1
224	299	1
224	311	1
225	229	1
225	240	1
225	290	1
225	327	1
226	227	5
226	228	4
226	229	6
226	237	1
226	240	1
226	243	1
226	244	1
226	258	1
226	266	1
226	268	2
226	271	2
226	273	1
226	280	2
226	291	2
226	303	1
226	314	2
226	315	4
226	316	10
226	318	1
226	326	1
226	333	2
227	228	3
227	229	4
227	237	1
227	243	1
227	244	1
227	266	3
227	268	2
227	271	2
227	280	2
227	314	1
227	315	1
227	316	4
227	318	1
228	229	6
228	242	1
228	258	2
228	266	3
228	268	2
228	271	3
228	273	1
228	291	1
228	303	1
228	307	1
228	314	2
228	316	13
228	318	2
228	319	1
228	325	1
228	326	2
228	333	1
229	243	1
229	266	2
229	268	2
229	271	3
229	280	1
229	291	1
229	307	1
229	316	11
229	318	2
230	239	1
230	258	1
230	279	1
230	287	1
230	294	1
231	235	1
231	258	1
231	266	1
231	268	3
231	269	1
231	273	1
231	278	1
231	287	1
231	290	2
231	304	1
232	235	1
232	237	1
232	248	1
232	253	1
232	259	1
232	268	1
232	269	1
232	277	5
232	284	1
233	278	1
233	296	1
233	320	1
234	244	1
234	247	1
234	255	2
234	266	1
234	268	1
234	320	2
234	324	1
234	325	2
235	237	1
235	248	1
235	253	1
235	256	1
235	259	1
235	260	1
236	253	1
236	272	1
236	312	1
237	241	1
237	248	1
237	249	1
237	253	1
237	259	2
237	260	1
237	261	1
237	266	1
237	268	1
237	269	1
237	270	1
237	273	3
237	276	2
237	278	1
237	284	1
237	285	1
237	287	1
237	291	1
237	292	1
237	293	1
237	314	1
237	320	1
237	322	1
238	241	1
238	258	1
238	269	1
238	288	1
238	325	1
238	326	1
238	329	1
239	269	1
239	273	1
240	273	2
240	316	1
240	321	1
240	330	1
241	267	1
241	269	1
241	289	1
241	292	1
241	294	1
242	243	2
242	244	1
242	255	1
242	258	1
242	275	1
242	291	2
242	319	1
242	325	1
242	326	2
243	244	1
243	255	1
243	256	1
243	258	1
243	260	1
243	271	1
243	280	1
243	291	1
243	299	1
243	316	1
243	318	1
243	319	1
243	326	1
244	255	1
244	258	2
244	269	1
244	273	1
244	292	1
244	315	1
244	325	2
244	326	1
245	273	2
245	274	1
245	277	2
245	308	1
245	317	1
245	332	1
246	269	1
246	286	1
246	299	1
247	248	3
247	255	1
247	325	1
248	253	1
248	255	1
248	259	1
248	273	1
248	312	1
249	254	2
249	266	3
249	295	1
249	312	1
249	319	1
250	257	1
250	268	1
250	284	1
250	302	1
251	265	3
251	281	2
251	287	1
251	305	1
252	263	1
252	279	1
252	289	1
252	294	1
252	325	1
252	328	1
253	259	1
253	273	1
253	292	1
254	266	2
254	269	1
254	273	3
254	276	1
254	284	2
254	295	1
254	319	1
255	258	1
255	266	1
255	268	1
255	299	1
255	312	1
255	324	1
255	326	1
256	260	1
257	295	1
257	296	1
257	311	1
257	319	1
258	266	1
258	267	1
258	273	3
258	278	1
258	287	1
258	293	1
258	294	1
258	296	1
258	297	1
258	298	1
258	301	1
258	303	1
258	314	1
258	316	1
258	320	2
258	325	2
258	326	5
258	329	1
258	333	1
259	260	3
259	266	1
259	287	1
259	314	1
259	333	1
260	266	1
260	291	1
260	305	1
260	319	1
261	285	1
261	291	1
261	301	1
261	310	1
262	273	1
262	295	1
262	320	1
263	273	1
263	275	1
263	279	2
263	294	1
263	325	1
264	331	1
265	281	3
265	287	1
266	267	1
266	268	2
266	270	1
266	273	2
266	276	1
266	278	1
266	279	1
266	287	1
266	290	1
266	295	1
266	296	1
266	299	2
266	304	1
266	307	1
266	310	1
266	312	1
266	316	1
266	325	1
267	269	2
267	282	1
267	284	1
267	299	1
267	329	1
268	269	3
268	273	2
268	277	1
268	280	1
268	282	1
268	284	1
268	291	1
268	296	1
268	302	1
268	314	1
268	316	2
269	273	8
269	277	2
269	282	1
269	284	3
269	287	1
269	292	2
269	296	1
269	299	1
269	301	1
269	322	1
269	329	2
270	273	1
270	304	1
271	291	1
271	307	1
271	316	6
271	318	3
271	320	1
272	273	1
272	317	1
273	274	1
273	275	1
273	276	1
273	277	2
273	279	1
273	282	2
273	284	5
273	287	1
273	292	1
273	295	1
273	298	1
273	301	1
273	308	2
273	309	1
273	310	1
273	316	1
273	317	1
273	319	1
273	322	1
273	329	2
273	332	1
274	308	1
275	291	1
275	292	1
275	326	1
276	294	1
276	295	1
277	282	2
277	284	2
277	289	1
277	304	1
277	306	1
277	313	1
277	317	1
278	286	1
278	287	1
278	290	1
278	294	1
278	295	1
278	296	1
278	299	1
278	319	1
278	330	1
279	282	1
279	325	2
279	326	1
280	316	2
280	333	1
281	287	1
282	284	1
282	304	1
282	321	1
282	329	3
283	298	9
284	298	1
284	329	1
285	286	1
285	291	1
286	294	2
286	296	1
286	330	1
287	290	1
287	294	1
287	295	1
287	304	1
287	309	1
287	332	1
288	296	1
288	306	1
289	294	2
289	306	1
289	313	1
290	292	1
290	295	1
290	327	1
291	296	2
291	316	2
291	319	2
291	326	1
293	299	1
294	295	1
294	303	1
294	330	1
295	296	1
295	299	1
295	300	2
295	311	1
295	319	2
295	320	1
296	297	1
296	307	1
296	311	1
296	312	1
296	319	1
296	320	1
296	324	1
297	301	1
297	311	1
298	325	1
299	311	1
299	319	1
302	309	1
302	332	1
303	314	1
303	323	1
303	326	1
303	333	1
305	325	1
306	313	1
307	316	2
307	318	2
308	310	1
308	332	1
309	332	2
310	313	1
310	332	1
311	319	1
311	325	1
313	320	1
313	323	1
314	326	1
314	333	2
316	318	4
316	326	1
316	333	1
320	323	2
320	325	1
321	325	1
322	324	1
322	329	1
324	325	1
325	326	2
325	329	2
326	329	1
326	333	1
330	331	1
