*Vertices 361
14
20
25
18
22
3
40
2
3
0
62
38
64
18
5
1
3
6
6
13
0
0
2
18
2
10
26
20
10
0
10
3
14
5
13
10
1
14
3
71
2
2
7
2
24
4
4
7
4
2
19
2
2
5
1
1
12
14
1
6
79
56
3
6
21
0
9
20
7
1
33
24
192
3
5
0
42
2
165
40
5
27
13
2
5
1
2
7
3
9
11
1
4
16
14
2
7
1
10
21
5
34
1
19
0
14
15
15
13
57
2
0
3
1
4
3
23
10
50
4
130
3
25
5
28
1
33
11
6
6
9
15
8
0
15
5
84
14
30
4
0
36
7
24
8
7
10
11
15
89
8
33
10
16
2
22
40
33
70
31
12
40
7
43
6
5
9
186
18
19
0
27
10
12
5
51
19
1
3
8
0
6
20
38
1
7
39
7
20
3
5
60
38
4
61
15
2
7
3
13
24
12
5
5
28
0
4
3
39
11
7
28
4
14
0
6
10
2
65
24
1
41
6
41
58
21
49
22
24
74
100
0
45
39
41
2
10
16
5
16
0
2
109
318
150
18
2
0
9
11
24
5
34
34
39
15
1
1
22
1
2
3
21
10
28
8
0
8
11
6
13
98
10
8
3
10
39
15
16
122
28
20
1
2
164
2
1
11
25
4
9
3
23
69
4
2
23
90
14
14
6
4
32
28
40
8
21
17
8
20
13
4
42
11
121
0
0
5
79
7
3
3
0
16
31
0
0
12
38
0
20
20
16
20
2
77
10
14
3
24
4
3
64
16
0
1
6
0
193
24
33
7
649
13
3
30
8
38
69
16
1
